1 0.2418 0.0957 0.0273 0.0602
1 0.1496 0.1570 0.0273 0.0516
1 0.1141 0.3402 0.0375 0.0461
1 0.0926 0.5758 0.0414 0.0516
1 0.0098 0.8176 0.0195 0.0352
1 0.2480 0.5984 0.0492 0.0656
1 0.2004 0.8465 0.0414 0.0492
1 0.3621 0.4762 0.0555 0.0711
1 0.3051 0.2996 0.0414 0.0680
1 0.4176 0.8457 0.0477 0.0570
1 0.4180 0.1512 0.0297 0.0461
1 0.4664 0.2555 0.0297 0.0516
1 0.5289 0.3652 0.0297 0.0461
1 0.5969 0.5160 0.0219 0.0383
1 0.5496 0.6520 0.0273 0.0352
1 0.6746 0.2207 0.0336 0.0383
1 0.6328 0.3578 0.0312 0.0437
1 0.5410 0.0945 0.0195 0.0297
1 0.5273 0.1977 0.0234 0.0328
1 0.6352 0.8562 0.0297 0.0406
