1 0.0965 0.2469 0.0180 0.0219
1 0.3469 0.2687 0.0156 0.0219
1 0.2531 0.4863 0.0219 0.0258
1 0.1523 0.6504 0.0234 0.0258
1 0.3348 0.5828 0.0258 0.0219
1 0.4254 0.0563 0.0195 0.0219
1 0.1375 0.8285 0.0219 0.0258
1 0.2973 0.9113 0.0258 0.0258
1 0.4898 0.9020 0.0234 0.0258
1 0.5859 0.5000 0.0219 0.0219
1 0.7133 0.1910 0.0234 0.0320
1 0.7406 0.0785 0.0219 0.0289
1 0.8543 0.3082 0.0180 0.0258
1 0.6805 0.8879 0.0234 0.0289
1 0.8535 0.6957 0.0195 0.0258
1 0.8691 0.8723 0.0195 0.0258
1 0.8516 0.5219 0.0219 0.0219
