1 0.1379 0.1187 0.0227 0.0250
1 0.1262 0.1953 0.0242 0.0281
1 0.1793 0.2984 0.0242 0.0219
1 0.2152 0.3750 0.0305 0.0281
1 0.2379 0.1766 0.0227 0.0219
1 0.2777 0.0625 0.0180 0.0250
1 0.3289 0.1953 0.0203 0.0281
1 0.3473 0.0734 0.0227 0.0281
1 0.3965 0.0156 0.0242 0.0312
1 0.4207 0.1938 0.0227 0.0250
1 0.3539 0.4547 0.0266 0.0250
1 0.5004 0.0375 0.0102 0.0187
1 0.4820 0.1000 0.0141 0.0187
1 0.5164 0.1969 0.0141 0.0250
1 0.5176 0.3000 0.0164 0.0187
1 0.5738 0.2781 0.0102 0.0125
1 0.2211 0.6109 0.0141 0.0187
1 0.4020 0.6656 0.0227 0.0281
1 0.4305 0.7844 0.0141 0.0219
1 0.4395 0.8688 0.0164 0.0219
1 0.4898 0.6281 0.0141 0.0219
1 0.5254 0.6891 0.0164 0.0250
1 0.5289 0.5922 0.0141 0.0187
1 0.6086 0.5609 0.0141 0.0187
