1 0.3242 0.0375 0.0297 0.0531
1 0.4305 0.1527 0.0141 0.0336
1 0.4680 0.1145 0.0141 0.0414
1 0.4141 0.2609 0.0156 0.0375
1 0.2680 0.4637 0.0234 0.0305
1 0.2586 0.5559 0.0234 0.0336
1 0.3086 0.6820 0.0234 0.0266
1 0.3453 0.7730 0.0250 0.0305
1 0.3660 0.5336 0.0195 0.0266
1 0.4039 0.3945 0.0172 0.0266
1 0.4707 0.4105 0.0195 0.0305
1 0.4520 0.5543 0.0195 0.0305
1 0.4734 0.8715 0.0250 0.0305
1 0.5410 0.5543 0.0195 0.0305
1 0.5176 0.3379 0.0195 0.0414
1 0.4961 0.2363 0.0172 0.0414
1 0.5402 0.1465 0.0117 0.0305
1 0.5617 0.2055 0.0141 0.0266
1 0.5875 0.1738 0.0094 0.0227
1 0.5930 0.1129 0.0141 0.0227
1 0.5867 0.2742 0.0141 0.0266
1 0.6309 0.2695 0.0117 0.0266
1 0.6523 0.1887 0.0172 0.0305
1 0.6336 0.6832 0.0141 0.0227
1 0.6324 0.5582 0.0117 0.0227
1 0.5980 0.4398 0.0117 0.0266
1 0.6172 0.3648 0.0094 0.0266
1 0.6375 0.4172 0.0094 0.0187
1 0.6883 0.6555 0.0078 0.0266
