1 0.7272 0.9325 0.0450 0.0087
1 0.7537 0.9259 0.0075 0.0112
1 0.7222 0.4525 0.0475 0.0300
1 0.7516 0.9597 0.0063 0.0100
1 0.6459 0.6481 0.0138 0.0212
1 0.7153 0.9597 0.0087 0.0163
1 0.6794 0.7119 0.0150 0.0300
1 0.5559 0.3556 0.0087 0.0238
1 0.8806 0.7803 0.0238 0.0325
1 0.5591 0.4188 0.0087 0.0187
1 0.6581 0.7959 0.0350 0.0138
1 0.5628 0.2762 0.0163 0.0275
1 0.6872 0.8047 0.0212 0.0125
1 0.6224 0.2008 0.0354 0.0673
1 0.5846 0.1600 0.0129 0.0263
1 0.8329 0.4652 0.0189 0.0398
1 0.9400 0.7734 0.0175 0.0187
