1 0.7297 0.4322 0.0375 0.0112
1 0.7647 0.4594 0.0075 0.0125
1 0.7188 0.4588 0.0063 0.0112
1 0.6866 0.4500 0.0138 0.0063
1 0.7078 0.4559 0.0063 0.0150
1 0.6734 0.4619 0.0125 0.0050
1 0.7559 0.4591 0.0087 0.0150
1 0.7281 0.4588 0.0063 0.0112
1 0.7128 0.4581 0.0037 0.0100
1 0.8678 0.2781 0.0263 0.0312
1 0.7434 0.4594 0.0087 0.0125
1 0.5806 0.0269 0.0050 0.0100
1 0.6138 0.4441 0.0212 0.0100
1 0.6241 0.1331 0.0075 0.0100
1 0.6494 0.4403 0.0175 0.0087
1 0.6597 0.2969 0.0600 0.0187
1 0.7889 0.3709 0.0404 0.0511
1 0.6057 0.4601 0.0145 0.0046
1 0.6746 0.4345 0.0116 0.0096
1 0.9270 0.2790 0.0321 0.0268
1 0.9138 0.2792 0.0182 0.0147
1 0.9327 0.3183 0.0185 0.0177
