1 0.1194 0.2787 0.0263 0.0325
1 0.3956 0.6956 0.0287 0.0225
1 0.0403 0.3706 0.0462 0.0537
1 0.4384 0.7188 0.0175 0.0187
1 0.0066 0.4581 0.0100 0.0163
1 0.5728 0.7488 0.0112 0.0163
1 0.0156 0.4588 0.0063 0.0112
1 0.5453 0.7463 0.0125 0.0112
1 0.4231 0.6400 0.0087 0.0050
1 0.2625 0.4397 0.0187 0.0200
1 0.8194 0.7144 0.0512 0.0100
1 0.3688 0.6835 0.0375 0.0295
1 0.3834 0.6889 0.0292 0.0246
1 0.6665 0.5633 0.0142 0.0204
1 0.1752 0.2784 0.0316 0.0286
1 0.1632 0.2793 0.0170 0.0149
1 0.1813 0.3201 0.0188 0.0182
