1 0.6256 0.1619 0.0138 0.0300
1 0.5881 0.3075 0.0138 0.0400
1 0.7400 0.6091 0.0488 0.0212
1 0.5834 0.0362 0.0200 0.0100
1 0.5634 0.5569 0.0112 0.0200
1 0.6306 0.0613 0.0175 0.0163
1 0.6619 0.9356 0.0425 0.0150
1 0.6025 0.0875 0.0300 0.0187
1 0.6950 0.9447 0.0150 0.0050
1 0.5256 0.0731 0.0075 0.0150
1 0.7934 0.5809 0.0525 0.0275
1 0.5991 0.1056 0.0200 0.0175
1 0.7444 0.2416 0.0200 0.0425
1 0.6303 0.1775 0.0263 0.0613
1 0.6729 0.0329 0.0239 0.0596
1 0.7385 0.2801 0.0114 0.0226
1 0.7601 0.3007 0.0109 0.0232
1 0.9461 0.9134 0.0173 0.0142
