1 0.7775 0.6506 0.0112 0.0263
1 0.6594 0.8063 0.0250 0.0312
1 0.3944 0.8597 0.0325 0.0350
1 0.1922 0.3513 0.0625 0.1087
1 0.1781 0.1131 0.0500 0.0575
1 0.1588 0.3797 0.0112 0.0375
1 0.2194 0.4850 0.1325 0.1200
1 0.3763 0.4144 0.0838 0.1350
1 0.2197 0.6537 0.1425 0.1263
1 0.0437 0.4997 0.0875 0.1025
1 0.5656 0.6559 0.0375 0.0525
1 0.6597 0.8688 0.0350 0.0437
1 0.5272 0.7272 0.0325 0.0450
1 0.7381 0.6828 0.0700 0.1062
1 0.2721 0.2145 0.0785 0.1289
1 0.8698 0.6579 0.1115 0.0657
1 0.7040 0.7658 0.0268 0.0441
