1 0.1512 0.1087 0.0338 0.0112
1 0.3466 0.1550 0.0713 0.0287
1 0.9256 0.8309 0.0138 0.0212
1 0.7269 0.3544 0.0475 0.0400
1 0.7891 0.4091 0.0437 0.0462
1 0.2731 0.1359 0.0650 0.0250
1 0.9922 0.7322 0.0125 0.0300
1 0.5403 0.2366 0.0462 0.0387
1 0.8556 0.7844 0.0175 0.0187
1 0.9472 0.8691 0.0163 0.0225
1 0.8266 0.7972 0.0125 0.0163
1 0.9372 0.9028 0.0087 0.0150
1 0.8331 0.4588 0.0350 0.0362
1 0.0169 0.1237 0.0338 0.0163
1 0.8716 0.5150 0.0338 0.0488
1 0.9887 0.9806 0.0087 0.0175
1 0.8241 0.7728 0.0138 0.0175
1 0.4509 0.3028 0.0238 0.0212
1 0.9803 0.9541 0.0075 0.0175
1 0.6725 0.3128 0.0387 0.0287
1 0.4062 0.1772 0.0563 0.0263
1 0.8931 0.8219 0.0175 0.0187
1 0.9725 0.9181 0.0138 0.0175
1 0.8447 0.8544 0.0112 0.0150
1 0.9944 0.9272 0.0075 0.0138
1 0.9053 0.5697 0.0325 0.0488
1 0.9372 0.6269 0.0338 0.0475
1 0.6753 0.5475 0.0163 0.0200
1 0.4719 0.2016 0.0625 0.0312
1 0.7028 0.6425 0.0087 0.0163
1 0.1044 0.1106 0.0400 0.0150
1 0.8625 0.8472 0.0125 0.0163
1 0.9544 0.9369 0.0150 0.0175
1 0.9122 0.8619 0.0087 0.0175
1 0.0641 0.1116 0.0375 0.0138
1 0.9706 0.6809 0.0350 0.0525
1 0.6059 0.2728 0.0588 0.0425
1 0.9566 0.9750 0.0163 0.0187
1 0.8316 0.8250 0.0163 0.0187
1 0.8438 0.8187 0.0187 0.0187
1 0.8847 0.8722 0.0163 0.0163
1 0.4770 0.3336 0.0196 0.0172
1 0.7481 0.6547 0.0087 0.0157
1 0.7725 0.6764 0.0107 0.0154
