1 0.1650 0.3325 0.0112 0.0212
1 0.1178 0.4181 0.0200 0.0175
1 0.0141 0.4869 0.0125 0.0175
1 0.0316 0.5144 0.0100 0.0163
1 0.0863 0.3147 0.0163 0.0263
1 0.0209 0.3528 0.0138 0.0150
1 0.0869 0.0709 0.0175 0.0075
1 0.0031 0.3563 0.0063 0.0125
1 0.0181 0.2016 0.0112 0.0187
1 0.0481 0.5059 0.0150 0.0212
1 0.1131 0.5975 0.0138 0.0138
1 0.1572 0.7756 0.0175 0.0138
1 0.0528 0.2319 0.0087 0.0200
1 0.0713 0.2616 0.0112 0.0138
1 0.0425 0.3831 0.0163 0.0225
1 0.0225 0.0700 0.0075 0.0212
1 0.0541 0.0347 0.0112 0.0163
1 0.0172 0.6062 0.0187 0.0187
1 0.0328 0.2737 0.0063 0.0225
1 0.0044 0.4562 0.0087 0.0187
1 0.0031 0.3263 0.0063 0.0212
1 0.0631 0.4481 0.0200 0.0212
1 0.0628 0.1540 0.0162 0.0079
1 0.0706 0.3504 0.0161 0.0196
1 0.0761 0.3427 0.0210 0.0229
1 0.0844 0.3423 0.0158 0.0190
