1 0.2884 0.5494 0.0112 0.0175
1 0.3488 0.9466 0.0163 0.0150
1 0.2097 0.4978 0.0100 0.0175
1 0.0350 0.2106 0.0138 0.0150
1 0.0688 0.2369 0.0125 0.0175
1 0.0322 0.2325 0.0175 0.0150
1 0.0766 0.2581 0.0125 0.0163
1 0.0131 0.0762 0.0200 0.0212
1 0.2541 0.4947 0.0112 0.0175
1 0.2819 0.5062 0.0138 0.0187
1 0.1291 0.2184 0.0175 0.0212
1 0.0525 0.2066 0.0112 0.0225
1 0.1116 0.2544 0.0138 0.0212
1 0.1812 0.2744 0.0125 0.0175
1 0.1578 0.3087 0.0125 0.0238
1 0.1925 0.3056 0.0163 0.0175
1 0.2591 0.4650 0.0150 0.0175
1 0.1644 0.3831 0.0100 0.0163
1 0.2044 0.4394 0.0150 0.0225
1 0.2728 0.5453 0.0112 0.0125
1 0.1603 0.4041 0.0175 0.0238
1 0.2344 0.4738 0.0125 0.0163
1 0.1344 0.3134 0.0125 0.0238
1 0.1875 0.3306 0.0125 0.0175
1 0.1194 0.3197 0.0075 0.0175
1 0.1503 0.3438 0.0163 0.0187
1 0.2725 0.5613 0.0138 0.0163
1 0.2444 0.3934 0.0138 0.0212
1 0.2303 0.4997 0.0138 0.0212
1 0.3006 0.6041 0.0138 0.0238
1 0.2587 0.5256 0.0112 0.0200
1 0.0103 0.1456 0.0112 0.0163
1 0.0078 0.1144 0.0125 0.0163
1 0.0322 0.1512 0.0175 0.0212
1 0.2737 0.5884 0.0100 0.0175
1 0.2306 0.7841 0.0300 0.0525
1 0.0716 0.1897 0.0150 0.0200
1 0.1369 0.2581 0.0112 0.0163
1 0.0791 0.1428 0.0175 0.0200
1 0.0372 0.1187 0.0150 0.0187
1 0.0319 0.1788 0.0138 0.0200
1 0.0084 0.1956 0.0138 0.0163
1 0.2456 0.8431 0.0225 0.0300
1 0.3209 0.8981 0.0138 0.0150
1 0.1069 0.1744 0.0138 0.0175
1 0.1288 0.2856 0.0075 0.0150
1 0.0947 0.2237 0.0112 0.0163
1 0.0975 0.3009 0.0138 0.0238
1 0.1044 0.3312 0.0087 0.0187
1 0.1509 0.3331 0.0112 0.0100
1 0.1263 0.3438 0.0087 0.0187
1 0.1025 0.1091 0.0175 0.0212
1 0.2106 0.3447 0.0150 0.0238
1 0.3100 0.5994 0.0138 0.0175
1 0.1788 0.4431 0.0138 0.0238
1 0.2875 0.9291 0.0125 0.0175
1 0.2434 0.5384 0.0087 0.0175
1 0.2281 0.4431 0.0125 0.0175
1 0.3219 0.9175 0.0125 0.0163
1 0.2566 0.5628 0.0100 0.0163
1 0.1391 0.3631 0.0125 0.0200
1 0.0037 0.0481 0.0075 0.0150
1 0.2297 0.3700 0.0125 0.0150
1 0.1769 0.3519 0.0100 0.0163
1 0.2691 0.4581 0.0100 0.0163
1 0.1822 0.3800 0.0112 0.0163
1 0.2034 0.4644 0.0163 0.0225
1 0.2944 0.9334 0.0138 0.0200
1 0.2538 0.4275 0.0138 0.0175
1 0.3009 0.9397 0.0112 0.0200
1 0.2963 0.5287 0.0112 0.0138
1 0.0321 0.1228 0.0172 0.0206
1 0.3051 0.9513 0.0164 0.0214
1 0.5406 0.8501 0.0124 0.0127
1 0.6560 0.9627 0.0151 0.0160
1 0.5362 0.9042 0.0130 0.0146
1 0.6556 0.9925 0.0205 0.0131
1 0.1588 0.2472 0.0145 0.0194
1 0.1526 0.2509 0.0146 0.0174
1 0.1452 0.2563 0.0124 0.0126
1 0.2139 0.3883 0.0184 0.0235
1 0.2050 0.3939 0.0163 0.0158
1 0.5314 0.8810 0.0222 0.0213
1 0.5236 0.8875 0.0191 0.0188
1 0.5703 0.9270 0.0156 0.0135
1 0.6087 0.9560 0.0205 0.0214
1 0.6031 0.9600 0.0217 0.0200
1 0.5968 0.9680 0.0186 0.0203
