1 0.8756 0.9828 0.0075 0.0187
1 0.8469 0.8891 0.0063 0.0250
1 0.7891 0.9100 0.0063 0.0200
1 0.8003 0.6347 0.0100 0.0225
1 0.7759 0.7450 0.0112 0.0338
1 0.7653 0.6341 0.0087 0.0212
1 0.7484 0.8000 0.0063 0.0187
1 0.7781 0.9472 0.0125 0.0287
1 0.5169 0.3419 0.0150 0.0150
1 0.8213 0.5103 0.0175 0.0300
1 0.6631 0.2619 0.0325 0.0550
1 0.6969 0.3237 0.0375 0.0537
1 0.5912 0.3894 0.0138 0.0225
1 0.6431 0.5644 0.0112 0.0163
1 0.5841 0.4344 0.0150 0.0187
1 0.5334 0.3178 0.0075 0.0138
1 0.5419 0.3463 0.0087 0.0175
1 0.5972 0.4713 0.0100 0.0175
1 0.7272 0.5022 0.0075 0.0200
1 0.5887 0.4847 0.0087 0.0163
1 0.7647 0.4941 0.0138 0.0163
1 0.7863 0.7937 0.0100 0.0250
1 0.7872 0.6609 0.0087 0.0187
1 0.8375 0.7903 0.0063 0.0212
1 0.7388 0.9869 0.0087 0.0238
1 0.7450 0.9887 0.0087 0.0212
1 0.8441 0.5666 0.0163 0.0238
1 0.7759 0.6931 0.0112 0.0238
1 0.8256 0.7612 0.0075 0.0163
1 0.8169 0.6831 0.0087 0.0225
1 0.8656 0.9287 0.0063 0.0138
1 0.8438 0.9803 0.0063 0.0200
1 0.8634 0.9594 0.0112 0.0063
1 0.8631 0.6131 0.0138 0.0263
1 0.8678 0.6362 0.0138 0.0163
1 0.5272 0.0394 0.0263 0.0412
1 0.5775 0.3475 0.0112 0.0200
1 0.5662 0.0959 0.0325 0.0512
1 0.5575 0.3744 0.0087 0.0175
1 0.8784 0.8066 0.0100 0.0350
1 0.6444 0.6791 0.0200 0.0300
1 0.6091 0.5216 0.0087 0.0150
1 0.7616 0.5225 0.0138 0.0200
1 0.6253 0.5059 0.0100 0.0212
1 0.7956 0.5569 0.0100 0.0200
1 0.6053 0.1616 0.0263 0.0325
1 0.6319 0.2006 0.0325 0.0450
1 0.6078 0.3744 0.0125 0.0238
1 0.8741 0.6859 0.0075 0.0187
1 0.6259 0.5425 0.0112 0.0163
1 0.7438 0.5625 0.0125 0.0187
1 0.6244 0.5687 0.0112 0.0187
1 0.7397 0.5378 0.0138 0.0163
1 0.7456 0.5965 0.0132 0.0211
1 0.8110 0.7157 0.0064 0.0221
1 0.8407 0.7094 0.0064 0.0157
1 0.8089 0.6022 0.0085 0.0200
1 0.6228 0.4238 0.0142 0.0226
1 0.6164 0.4264 0.0140 0.0216
1 0.6085 0.4274 0.0170 0.0236
1 0.8067 0.9013 0.0133 0.0245
1 0.8217 0.9027 0.0154 0.0241
