1 0.8756 0.2328 0.0075 0.0187
1 0.8469 0.1391 0.0063 0.0250
1 0.6756 0.3147 0.0075 0.0200
1 0.7891 0.1600 0.0063 0.0200
1 0.7438 0.3022 0.0063 0.0200
1 0.7762 0.0063 0.0087 0.0125
1 0.7484 0.0500 0.0063 0.0187
1 0.7781 0.1972 0.0125 0.0287
1 0.6887 0.2600 0.0087 0.0263
1 0.7847 0.3022 0.0100 0.0263
1 0.7194 0.4666 0.0075 0.0238
1 0.8019 0.5969 0.0163 0.0250
1 0.7653 0.4469 0.0087 0.0250
1 0.6872 0.6528 0.0087 0.0150
1 0.7681 0.6569 0.0112 0.0263
1 0.7584 0.6559 0.0075 0.0275
1 0.7969 0.4931 0.0063 0.0175
1 0.7891 0.7256 0.0063 0.0200
1 0.8512 0.5369 0.0087 0.0175
1 0.7419 0.7384 0.0087 0.0300
1 0.7512 0.6550 0.0087 0.0287
1 0.8331 0.2963 0.0100 0.0175
1 0.8369 0.8209 0.0175 0.0075
1 0.7681 0.9516 0.0112 0.0187
1 0.7863 0.0437 0.0100 0.0250
1 0.8375 0.0403 0.0063 0.0212
1 0.7388 0.2394 0.0087 0.0287
1 0.8069 0.3387 0.0075 0.0212
1 0.7450 0.2425 0.0087 0.0287
1 0.8728 0.2641 0.0050 0.0125
1 0.8256 0.0112 0.0075 0.0163
1 0.8656 0.1788 0.0063 0.0138
1 0.8313 0.2572 0.0063 0.0112
1 0.8438 0.2303 0.0063 0.0200
1 0.8634 0.2094 0.0112 0.0063
1 0.8419 0.4556 0.0087 0.0175
1 0.6734 0.8509 0.0125 0.0300
1 0.7225 0.7950 0.0075 0.0212
1 0.8784 0.0566 0.0100 0.0350
1 0.8028 0.9819 0.0087 0.0200
1 0.8619 0.4716 0.0050 0.0150
1 0.7725 0.8200 0.0075 0.0212
1 0.7091 0.6081 0.0087 0.0225
1 0.8041 0.7847 0.0112 0.0163
1 0.8071 0.1507 0.0112 0.0264
1 0.8154 0.1517 0.0090 0.0252
1 0.8254 0.1531 0.0103 0.0250
1 0.7073 0.1012 0.0146 0.0212
1 0.8223 0.4052 0.0102 0.0291
1 0.8319 0.4031 0.0076 0.0281
1 0.8759 0.3655 0.0081 0.0216
1 0.8127 0.9036 0.0161 0.0072
1 0.7954 0.2411 0.0190 0.0227
1 0.7873 0.2469 0.0151 0.0187
1 0.7416 0.3641 0.0175 0.0251
