1 0.9012 0.1087 0.0338 0.0112
1 0.1166 0.5419 0.0425 0.0525
1 0.3081 0.4284 0.0163 0.0163
1 0.1500 0.5006 0.0125 0.0138
1 0.9950 0.1306 0.0087 0.0112
1 0.0297 0.8575 0.0125 0.0212
1 0.3219 0.5050 0.0125 0.0163
1 0.7638 0.1237 0.0400 0.0163
1 0.2803 0.3516 0.0200 0.0187
1 0.2591 0.3750 0.0150 0.0125
1 0.2044 0.5925 0.0150 0.0163
1 0.7134 0.1275 0.0362 0.0175
1 0.8544 0.1106 0.0400 0.0150
1 0.1884 0.4525 0.0425 0.0488
1 0.0722 0.6022 0.0287 0.0387
1 0.8141 0.1116 0.0375 0.0138
1 0.4606 0.2241 0.0525 0.0450
1 0.3712 0.2759 0.0238 0.0175
1 0.3334 0.3175 0.0200 0.0163
1 0.3134 0.3303 0.0175 0.0138
