1 0.4919 0.6019 0.0150 0.0225
1 0.5334 0.6666 0.0138 0.0175
1 0.5109 0.6059 0.0125 0.0212
1 0.5672 0.6484 0.0125 0.0250
1 0.3125 0.1712 0.0125 0.0238
1 0.6294 0.6384 0.0087 0.0175
1 0.6588 0.7656 0.0112 0.0187
1 0.8372 0.9594 0.0275 0.0250
1 0.6231 0.7016 0.0087 0.0187
1 0.2303 0.1159 0.0138 0.0225
1 0.2819 0.1541 0.0138 0.0238
1 0.5309 0.5981 0.0150 0.0212
1 0.3578 0.2100 0.0125 0.0263
1 0.6266 0.6203 0.0063 0.0125
1 0.1788 0.0800 0.0138 0.0225
1 0.3531 0.2134 0.0125 0.0238
1 0.6019 0.6531 0.0100 0.0187
1 0.3331 0.2494 0.0100 0.0175
1 0.3866 0.2484 0.0138 0.0187
1 0.6213 0.7263 0.0112 0.0212
1 0.6400 0.7841 0.0175 0.0212
1 0.6053 0.7272 0.0138 0.0200
1 0.6834 0.7628 0.0138 0.0163
1 0.5575 0.6759 0.0212 0.0238
1 0.3975 0.3275 0.0138 0.0238
1 0.5819 0.6994 0.0200 0.0300
1 0.4416 0.3094 0.0050 0.0125
1 0.1106 0.0253 0.0150 0.0163
1 0.3247 0.2997 0.0150 0.0212
1 0.3031 0.2206 0.0125 0.0225
1 0.4416 0.4200 0.0112 0.0212
1 0.2138 0.0697 0.0150 0.0238
1 0.4375 0.4650 0.0125 0.0362
1 0.5628 0.5097 0.0100 0.0163
1 0.2997 0.1906 0.0087 0.0187
1 0.6025 0.9838 0.0238 0.0300
1 0.3681 0.3481 0.0112 0.0150
1 0.3978 0.3772 0.0175 0.0200
1 0.4550 0.4556 0.0100 0.0175
1 0.5388 0.5150 0.0087 0.0175
1 0.4850 0.4325 0.0138 0.0275
1 0.5178 0.5325 0.0138 0.0212
1 0.2797 0.2388 0.0125 0.0212
1 0.2400 0.1831 0.0112 0.0225
1 0.5600 0.5909 0.0138 0.0163
1 0.5981 0.6125 0.0087 0.0187
1 0.5975 0.6741 0.0138 0.0200
1 0.5928 0.5675 0.0138 0.0163
1 0.5900 0.6134 0.0112 0.0175
1 0.5766 0.7250 0.0063 0.0187
1 0.6169 0.7666 0.0087 0.0175
1 0.6963 0.7784 0.0112 0.0163
1 0.6281 0.7578 0.0125 0.0187
1 0.3456 0.3375 0.0100 0.0187
1 0.6863 0.7841 0.0100 0.0150
1 0.2963 0.2656 0.0175 0.0187
1 0.6075 0.5897 0.0150 0.0200
1 0.8134 0.9372 0.0175 0.0150
1 0.1656 0.0950 0.0125 0.0212
1 0.3681 0.2841 0.0112 0.0212
1 0.5422 0.6316 0.0125 0.0225
1 0.8575 0.9866 0.0212 0.0200
1 0.5819 0.6144 0.0138 0.0225
1 0.6391 0.7459 0.0125 0.0200
1 0.6409 0.7141 0.0100 0.0187
1 0.6638 0.7362 0.0150 0.0163
1 0.6619 0.7097 0.0112 0.0163
1 0.3250 0.2737 0.0125 0.0163
1 0.1984 0.1363 0.0125 0.0225
1 0.4234 0.3706 0.0125 0.0225
1 0.7913 0.9156 0.0263 0.0250
1 0.1481 0.0394 0.0150 0.0225
1 0.3619 0.2994 0.0112 0.0175
1 0.5088 0.4334 0.0112 0.0263
1 0.4944 0.5328 0.0138 0.0187
1 0.4619 0.4891 0.0112 0.0250
1 0.5003 0.5556 0.0163 0.0238
1 0.2638 0.2053 0.0087 0.0200
1 0.4444 0.3644 0.0075 0.0225
1 0.4144 0.4100 0.0100 0.0200
1 0.2456 0.1638 0.0100 0.0212
1 0.4797 0.4888 0.0063 0.0212
1 0.5275 0.5603 0.0112 0.0238
1 0.4662 0.5219 0.0138 0.0250
1 0.5019 0.5850 0.0100 0.0138
1 0.5434 0.4609 0.0213 0.0249
1 0.5222 0.4615 0.0193 0.0231
1 0.5116 0.4665 0.0170 0.0236
1 0.6441 0.6739 0.0289 0.0196
1 0.6837 0.8181 0.0111 0.0174
1 0.5697 0.5431 0.0300 0.0268
1 0.5554 0.5501 0.0171 0.0220
