1 0.9150 0.3325 0.0112 0.0212
1 0.8678 0.4181 0.0200 0.0175
1 0.7641 0.4869 0.0125 0.0175
1 0.7816 0.5144 0.0100 0.0163
1 0.8363 0.3147 0.0163 0.0263
1 0.7709 0.3528 0.0138 0.0150
1 0.8369 0.0709 0.0175 0.0075
1 0.7509 0.3553 0.0112 0.0138
1 0.7681 0.2016 0.0112 0.0187
1 0.7350 0.3900 0.0138 0.0238
1 0.7981 0.5059 0.0150 0.0212
1 0.8631 0.5975 0.0138 0.0138
1 0.9072 0.7756 0.0175 0.0138
1 0.6734 0.1009 0.0125 0.0300
1 0.7225 0.0450 0.0075 0.0212
1 0.8028 0.2319 0.0087 0.0200
1 0.8213 0.2616 0.0112 0.0138
1 0.7925 0.3831 0.0163 0.0225
1 0.7725 0.0700 0.0075 0.0212
1 0.8041 0.0347 0.0112 0.0163
1 0.7672 0.6062 0.0187 0.0187
1 0.7828 0.2737 0.0063 0.0225
1 0.7525 0.4562 0.0112 0.0187
1 0.7531 0.3263 0.0063 0.0212
1 0.8131 0.4481 0.0200 0.0212
1 0.8116 0.1536 0.0170 0.0072
1 0.8206 0.3504 0.0161 0.0195
1 0.8262 0.3441 0.0181 0.0226
1 0.8349 0.3435 0.0168 0.0213
1 0.5943 0.4541 0.0261 0.0333
1 0.1822 0.6309 0.0175 0.0055
