1 0.1494 0.3228 0.0112 0.0112
1 0.0872 0.2094 0.0275 0.0250
1 0.6775 0.6381 0.0175 0.0075
1 0.2597 0.4069 0.0163 0.0138
1 0.2709 0.4237 0.0138 0.0163
1 0.3306 0.4919 0.0238 0.0212
1 0.3737 0.5153 0.0163 0.0150
1 0.3837 0.5353 0.0175 0.0175
1 0.0634 0.1872 0.0175 0.0150
1 0.1075 0.2366 0.0212 0.0200
1 0.4025 0.5269 0.0175 0.0163
1 0.0412 0.1656 0.0263 0.0250
1 0.4056 0.5491 0.0175 0.0138
1 0.2269 0.4234 0.0225 0.0187
1 0.5363 0.6125 0.0163 0.0125
1 0.2744 0.4500 0.0175 0.0187
1 0.1306 0.2582 0.0144 0.0227
1 0.1186 0.3128 0.0122 0.0130
1 0.1741 0.3874 0.0200 0.0185
1 0.1843 0.3822 0.0217 0.0206
