1 0.8994 0.3228 0.0112 0.0112
1 0.6588 0.0156 0.0112 0.0187
1 0.8372 0.2094 0.0275 0.0250
1 0.6400 0.0341 0.0175 0.0212
1 0.6834 0.0128 0.0138 0.0163
1 0.6741 0.4041 0.0138 0.0175
1 0.6797 0.4144 0.0125 0.0225
1 0.6631 0.3950 0.0075 0.0212
1 0.6062 0.2444 0.0312 0.0512
1 0.6250 0.3097 0.0187 0.0287
1 0.6856 0.4197 0.0087 0.0175
1 0.6956 0.4250 0.0100 0.0187
1 0.6169 0.0166 0.0087 0.0175
1 0.6963 0.0284 0.0112 0.0163
1 0.6281 0.0087 0.0125 0.0175
1 0.6863 0.0341 0.0100 0.0150
1 0.8134 0.1872 0.0175 0.0150
1 0.8575 0.2366 0.0212 0.0200
1 0.6394 0.0031 0.0100 0.0063
1 0.7913 0.1656 0.0263 0.0250
1 0.7112 0.4400 0.0100 0.0175
1 0.7294 0.4487 0.0087 0.0225
1 0.9769 0.4234 0.0225 0.0187
1 0.7056 0.4275 0.0050 0.0175
1 0.7009 0.4272 0.0050 0.0138
1 0.8817 0.2577 0.0134 0.0216
1 0.6646 0.3737 0.0104 0.0131
1 0.6853 0.0685 0.0112 0.0183
1 0.9254 0.3888 0.0196 0.0181
1 0.9338 0.3834 0.0207 0.0200
1 0.8693 0.3139 0.0135 0.0121
