1 0.1256 0.9828 0.0075 0.0187
1 0.0969 0.8891 0.0063 0.0250
1 0.0391 0.9100 0.0063 0.0200
1 0.0503 0.6347 0.0100 0.0225
1 0.0259 0.7450 0.0112 0.0338
1 0.0153 0.6341 0.0087 0.0212
1 0.0281 0.9472 0.0125 0.0287
1 0.0713 0.5103 0.0175 0.0300
1 0.0147 0.4941 0.0138 0.0163
1 0.0362 0.7937 0.0100 0.0250
1 0.0372 0.6609 0.0087 0.0187
1 0.0875 0.7903 0.0063 0.0212
1 0.0941 0.5666 0.0163 0.0238
1 0.0259 0.6931 0.0112 0.0238
1 0.0756 0.7612 0.0075 0.0163
1 0.0669 0.6831 0.0087 0.0225
1 0.1156 0.9287 0.0063 0.0138
1 0.0938 0.9803 0.0063 0.0200
1 0.1134 0.9594 0.0112 0.0063
1 0.1131 0.6131 0.0138 0.0263
1 0.1178 0.6362 0.0138 0.0163
1 0.1284 0.8066 0.0100 0.0350
1 0.0116 0.5225 0.0138 0.0200
1 0.0456 0.5569 0.0100 0.0200
1 0.1241 0.6859 0.0075 0.0187
1 0.0579 0.6015 0.0095 0.0187
1 0.0611 0.7155 0.0066 0.0248
1 0.0897 0.7085 0.0074 0.0170
1 0.0577 0.4883 0.0123 0.0141
1 0.0294 0.4296 0.0151 0.0218
1 0.1382 0.8805 0.0108 0.0203
1 0.0571 0.8995 0.0111 0.0241
1 0.0691 0.9022 0.0133 0.0262
