1 0.0147 0.0116 0.0138 0.0138
1 0.0303 0.0125 0.0200 0.0250
1 0.2184 0.1931 0.0150 0.0175
1 0.0409 0.1988 0.0225 0.0287
1 0.2356 0.5938 0.0087 0.0187
1 0.0634 0.0813 0.0175 0.0187
1 0.0969 0.1509 0.0125 0.0238
1 0.0931 0.0866 0.0175 0.0200
1 0.1150 0.1384 0.0112 0.0175
1 0.2162 0.1609 0.0138 0.0187
1 0.1387 0.1469 0.0150 0.0250
1 0.1425 0.2019 0.0163 0.0225
1 0.0731 0.0394 0.0150 0.0225
1 0.1291 0.0169 0.0112 0.0150
1 0.0341 0.2784 0.0338 0.0537
1 0.2447 0.6112 0.0238 0.0100
1 0.1147 0.3991 0.0325 0.0512
1 0.4928 0.5559 0.0138 0.0150
1 0.1559 0.1181 0.0150 0.0175
1 0.1081 0.0744 0.0163 0.0175
1 0.1738 0.1097 0.0163 0.0163
1 0.6534 0.6909 0.0225 0.0163
1 0.6644 0.7147 0.0225 0.0138
1 0.2003 0.2075 0.0163 0.0150
1 0.3944 0.7013 0.0325 0.0212
1 0.1916 0.2109 0.0238 0.0250
1 0.7241 0.7491 0.0200 0.0138
1 0.0988 0.0153 0.0163 0.0212
1 0.0872 0.0231 0.0150 0.0150
1 0.3859 0.4022 0.0375 0.0325
1 0.1981 0.5697 0.0087 0.0175
1 0.4209 0.4919 0.0200 0.0212
1 0.2219 0.5375 0.0125 0.0125
1 0.1516 0.1378 0.0125 0.0163
1 0.1647 0.1888 0.0138 0.0212
1 0.1759 0.1431 0.0112 0.0175
1 0.0606 0.0100 0.0150 0.0200
1 0.1297 0.0375 0.0125 0.0187
1 0.1263 0.0019 0.0087 0.0037
1 0.1194 0.0547 0.0138 0.0187
1 0.1331 0.4597 0.0225 0.0350
1 0.5325 0.5753 0.0150 0.0163
1 0.1475 0.4628 0.0138 0.0163
1 0.4688 0.6159 0.0063 0.0100
1 0.1131 0.1056 0.0138 0.0175
1 0.1250 0.1588 0.0125 0.0238
1 0.0788 0.1237 0.0138 0.0225
1 0.1847 0.1334 0.0100 0.0138
1 0.1862 0.1800 0.0163 0.0225
1 0.1653 0.1628 0.0150 0.0163
1 0.2031 0.1744 0.0125 0.0175
1 0.0941 0.0584 0.0163 0.0200
1 0.0750 0.0584 0.0187 0.0200
1 0.1844 0.5537 0.0125 0.0263
1 0.5294 0.5966 0.0150 0.0150
1 0.3000 0.3122 0.0250 0.0275
1 0.5431 0.6244 0.0175 0.0175
1 0.0925 0.1131 0.0225 0.0263
1 0.1291 0.1203 0.0238 0.0250
1 0.7609 0.7644 0.0187 0.0100
1 0.1528 0.0750 0.0212 0.0187
1 0.9853 0.9850 0.0175 0.0075
1 0.0481 0.0344 0.0212 0.0250
1 0.4034 0.4956 0.0225 0.0225
1 0.3231 0.3366 0.0150 0.0138
1 0.4594 0.5403 0.0187 0.0212
1 0.3181 0.3425 0.0175 0.0163
1 0.9509 0.7878 0.0112 0.0037
1 0.9713 0.7816 0.0112 0.0037
1 0.1803 0.2172 0.0138 0.0187
1 0.5931 0.6534 0.0238 0.0225
1 0.3372 0.3541 0.0150 0.0175
1 0.5881 0.6638 0.0200 0.0212
1 0.3525 0.3656 0.0112 0.0125
1 0.1445 0.1759 0.0140 0.0205
1 0.1976 0.1506 0.0170 0.0168
1 0.3659 0.3795 0.0161 0.0152
1 0.7956 0.7554 0.0194 0.0109
