1 0.0622 0.9963 0.0150 0.0050
1 0.0069 0.9419 0.0138 0.0150
1 0.0362 0.9775 0.0163 0.0112
1 0.0056 0.9047 0.0112 0.0125
1 0.0563 0.9256 0.0187 0.0138
1 0.0350 0.9450 0.0200 0.0150
1 0.2500 0.9691 0.0187 0.0163
1 0.0356 0.9531 0.0150 0.0125
1 0.1675 0.9050 0.0163 0.0163
1 0.1700 0.8781 0.0150 0.0125
1 0.0063 0.9294 0.0125 0.0150
1 0.1556 0.9944 0.0112 0.0075
1 0.0331 0.9828 0.0100 0.0063
1 0.2994 0.9775 0.0175 0.0112
1 0.2188 0.9137 0.0187 0.0212
1 0.2100 0.9287 0.0138 0.0138
1 0.2913 0.9622 0.0138 0.0150
1 0.0638 0.7094 0.0338 0.0375
1 0.2694 0.9950 0.0138 0.0087
1 0.0091 0.9572 0.0150 0.0175
1 0.0353 0.6741 0.0238 0.0263
1 0.2600 0.9659 0.0200 0.0163
1 0.1537 0.8898 0.0168 0.0171
1 0.2029 0.9363 0.0182 0.0194
1 0.1915 0.9409 0.0080 0.0194
