1 0.2556 0.3625 0.0112 0.0250
1 0.0756 0.6362 0.0263 0.0287
1 0.4341 0.4853 0.0087 0.0238
1 0.3541 0.5456 0.0175 0.0163
1 0.6991 0.7072 0.0138 0.0238
1 0.1137 0.6525 0.0212 0.0238
1 0.1256 0.6478 0.0200 0.0238
1 0.4572 0.5928 0.0175 0.0138
1 0.2003 0.7559 0.0225 0.0150
1 0.7025 0.4750 0.0112 0.0187
1 0.2500 0.8581 0.0125 0.0225
1 0.0503 0.8028 0.0350 0.0275
1 0.6500 0.5047 0.0063 0.0125
1 0.3544 0.9331 0.0087 0.0163
1 0.6716 0.5581 0.0087 0.0100
1 0.9262 0.7525 0.0087 0.0112
1 0.1663 0.7338 0.0263 0.0112
1 0.5828 0.4091 0.0125 0.0212
1 0.6400 0.8225 0.0112 0.0263
1 0.6325 0.8269 0.0150 0.0225
