1 0.8144 0.0006 0.0037 0.0013
1 0.8625 0.0194 0.0063 0.0138
1 0.7162 0.1016 0.0075 0.0187
1 0.8000 0.9325 0.0250 0.0212
1 0.7053 0.4216 0.0075 0.0212
1 0.7269 0.2731 0.0100 0.0212
1 0.7787 0.4059 0.0138 0.0275
1 0.7681 0.6103 0.0112 0.0175
1 0.8503 0.4688 0.0225 0.0063
1 0.7466 0.8419 0.0150 0.0212
1 0.8256 0.0122 0.0075 0.0212
1 0.7269 0.1256 0.0100 0.0138
1 0.7328 0.0200 0.0125 0.0212
1 0.7941 0.1062 0.0100 0.0187
1 0.8219 0.2428 0.0125 0.0200
1 0.7937 0.4650 0.0125 0.0238
1 0.7594 0.3319 0.0125 0.0200
1 0.7238 0.3350 0.0163 0.0263
1 0.7500 0.4697 0.0187 0.0300
1 0.7381 0.4678 0.0138 0.0263
1 0.7213 0.5228 0.0112 0.0238
1 0.7734 0.8756 0.0187 0.0200
1 0.7725 0.5178 0.0138 0.0200
1 0.7219 0.0491 0.0125 0.0263
1 0.7762 0.1309 0.0087 0.0212
1 0.8203 0.2616 0.0125 0.0138
1 0.8394 0.3259 0.0100 0.0112
1 0.7688 0.5413 0.0125 0.0200
1 0.8503 0.8931 0.0163 0.0175
1 0.7881 0.5634 0.0138 0.0175
1 0.8031 0.8519 0.0125 0.0163
1 0.8281 0.0741 0.0125 0.0200
1 0.7859 0.1616 0.0063 0.0200
1 0.8106 0.0156 0.0087 0.0187
1 0.7509 0.2525 0.0112 0.0238
1 0.7013 0.3775 0.0087 0.0238
1 0.7263 0.4078 0.0087 0.0250
1 0.7397 0.1959 0.0200 0.0263
1 0.6650 0.6219 0.0112 0.0250
1 0.7347 0.1903 0.0163 0.0212
1 0.8031 0.8863 0.0125 0.0163
1 0.8181 0.2072 0.0112 0.0238
1 0.9531 0.9338 0.0125 0.0112
1 0.8094 0.2062 0.0125 0.0250
1 0.7021 0.5850 0.0104 0.0263
1 0.7323 0.6068 0.0115 0.0229
1 0.5874 0.9684 0.0280 0.0369
