1 0.7137 0.1022 0.0150 0.0200
1 0.7562 0.1309 0.0125 0.0150
1 0.8150 0.3456 0.0112 0.0225
1 0.7944 0.3803 0.0075 0.0200
1 0.8300 0.4725 0.0100 0.0263
1 0.8103 0.2737 0.0112 0.0225
1 0.6447 0.3097 0.0112 0.0163
1 0.7469 0.1497 0.0125 0.0150
1 0.7656 0.2706 0.0125 0.0225
1 0.8022 0.4200 0.0075 0.0212
1 0.8191 0.4750 0.0100 0.0250
1 0.8313 0.4100 0.0063 0.0200
1 0.7659 0.5363 0.0100 0.0163
1 0.8575 0.5606 0.0087 0.0150
1 0.8703 0.5994 0.0125 0.0050
1 0.6438 0.9209 0.0063 0.0138
1 0.8491 0.5825 0.0075 0.0212
1 0.7913 0.6472 0.0075 0.0225
1 0.8684 0.7091 0.0087 0.0338
1 0.7194 0.9941 0.0075 0.0100
1 0.7631 0.8256 0.0075 0.0263
1 0.5769 0.0197 0.0163 0.0238
1 0.5722 0.1309 0.0100 0.0150
1 0.5234 0.0153 0.0125 0.0150
1 0.5909 0.1419 0.0100 0.0150
1 0.8281 0.5963 0.0063 0.0238
1 0.8672 0.2562 0.0187 0.0437
1 0.7844 0.6922 0.0125 0.0250
1 0.8691 0.3069 0.0163 0.0387
1 0.7391 0.7019 0.0063 0.0225
1 0.7194 0.8484 0.0075 0.0250
1 0.8422 0.9250 0.0063 0.0187
1 0.7984 0.8762 0.0063 0.0150
1 0.8106 0.9456 0.0087 0.0225
1 0.5766 0.0434 0.0125 0.0150
1 0.6297 0.1100 0.0063 0.0138
1 0.5803 0.0756 0.0138 0.0200
1 0.6406 0.1294 0.0125 0.0212
1 0.7778 0.1534 0.0087 0.0163
1 0.7863 0.2922 0.0100 0.0250
1 0.7900 0.1891 0.0112 0.0187
1 0.8547 0.3859 0.0063 0.0187
1 0.7659 0.5659 0.0100 0.0225
1 0.8259 0.7966 0.0175 0.0338
1 0.8475 0.3881 0.0075 0.0200
1 0.7584 0.6034 0.0138 0.0287
1 0.6741 0.7031 0.0075 0.0187
1 0.7356 0.1944 0.0150 0.0200
1 0.8081 0.3103 0.0100 0.0238
1 0.8050 0.2175 0.0100 0.0163
1 0.7778 0.3294 0.0087 0.0212
1 0.8569 0.4075 0.0075 0.0150
1 0.7338 0.6350 0.0112 0.0263
1 0.8484 0.4313 0.0063 0.0187
1 0.8659 0.5312 0.0100 0.0187
1 0.8475 0.6088 0.0075 0.0175
1 0.9147 0.6009 0.0138 0.0300
1 0.7866 0.7266 0.0075 0.0187
1 0.8769 0.6244 0.0100 0.0112
1 0.8131 0.7137 0.0075 0.0212
1 0.7241 0.9169 0.0075 0.0150
1 0.8456 0.9481 0.0100 0.0150
1 0.7606 0.9191 0.0087 0.0350
1 0.8812 0.8762 0.0063 0.0087
1 0.6191 0.0547 0.0163 0.0250
1 0.6050 0.1144 0.0100 0.0225
1 0.6150 0.1622 0.0112 0.0212
1 0.8569 0.6412 0.0075 0.0138
1 0.6791 0.6741 0.0112 0.0263
1 0.8828 0.6500 0.0187 0.0063
1 0.6375 0.9219 0.0063 0.0250
1 0.8600 0.7106 0.0075 0.0338
1 0.6125 0.0081 0.0125 0.0163
1 0.8609 0.8594 0.0063 0.0125
1 0.8678 0.9075 0.0075 0.0150
1 0.8262 0.8441 0.0087 0.0225
1 0.8688 0.8925 0.0063 0.0100
1 0.5881 0.1237 0.0075 0.0163
1 0.6281 0.1816 0.0125 0.0225
1 0.6406 0.1641 0.0125 0.0187
1 0.7403 0.2379 0.0119 0.0227
1 0.8092 0.2476 0.0090 0.0201
1 0.7875 0.9828 0.0156 0.0250
1 0.7958 0.9859 0.0104 0.0219
1 0.8030 0.9856 0.0154 0.0244
1 0.6511 0.3389 0.0147 0.0185
1 0.5964 0.1984 0.0147 0.0217
