1 0.0063 0.1309 0.0125 0.0150
1 0.0650 0.3456 0.0112 0.0225
1 0.0444 0.3803 0.0075 0.0200
1 0.0800 0.4725 0.0100 0.0263
1 0.0603 0.2737 0.0112 0.0225
1 0.0156 0.2706 0.0125 0.0225
1 0.0522 0.4200 0.0075 0.0212
1 0.0691 0.4750 0.0100 0.0250
1 0.0813 0.4100 0.0063 0.0200
1 0.0159 0.5363 0.0100 0.0163
1 0.1075 0.5606 0.0087 0.0150
1 0.1203 0.5994 0.0125 0.0050
1 0.0991 0.5825 0.0075 0.0212
1 0.0412 0.6472 0.0075 0.0225
1 0.1184 0.7091 0.0087 0.0338
1 0.0131 0.8256 0.0075 0.0263
1 0.0781 0.5963 0.0063 0.0238
1 0.1172 0.2562 0.0187 0.0437
1 0.0344 0.6922 0.0125 0.0250
1 0.1191 0.3069 0.0163 0.0387
1 0.0922 0.9250 0.0063 0.0187
1 0.0484 0.8762 0.0063 0.0150
1 0.0606 0.9456 0.0087 0.0225
1 0.0278 0.1534 0.0087 0.0163
1 0.0362 0.2922 0.0100 0.0250
1 0.0400 0.1891 0.0112 0.0187
1 0.1047 0.3859 0.0063 0.0187
1 0.0159 0.5659 0.0100 0.0225
1 0.0759 0.7966 0.0175 0.0338
1 0.0975 0.3881 0.0075 0.0200
1 0.0084 0.6034 0.0138 0.0287
1 0.0581 0.3103 0.0100 0.0238
1 0.0550 0.2175 0.0100 0.0163
1 0.0278 0.3294 0.0087 0.0212
1 0.1069 0.4075 0.0075 0.0150
1 0.0984 0.4313 0.0063 0.0187
1 0.1159 0.5312 0.0100 0.0187
1 0.0975 0.6088 0.0075 0.0175
1 0.1647 0.6009 0.0138 0.0300
1 0.0366 0.7266 0.0075 0.0187
1 0.1269 0.6244 0.0100 0.0112
1 0.0631 0.7137 0.0075 0.0212
1 0.0956 0.9481 0.0100 0.0150
1 0.0106 0.9191 0.0087 0.0350
1 0.1313 0.8762 0.0063 0.0087
1 0.1069 0.6412 0.0075 0.0138
1 0.1328 0.6500 0.0187 0.0063
1 0.1100 0.7106 0.0075 0.0338
1 0.1109 0.8594 0.0063 0.0125
1 0.1178 0.9075 0.0075 0.0150
1 0.0762 0.8441 0.0087 0.0225
1 0.1187 0.8925 0.0063 0.0100
1 0.0600 0.2472 0.0075 0.0195
1 0.0512 0.9859 0.0149 0.0250
1 0.0445 0.9843 0.0109 0.0217
1 0.0371 0.9815 0.0118 0.0255
