1 0.4534 0.8125 0.0163 0.0250
1 0.4153 0.7166 0.0150 0.0238
1 0.2900 0.0709 0.0300 0.0138
1 0.3656 0.6922 0.0125 0.0250
1 0.4769 0.7406 0.0100 0.0187
1 0.3494 0.0500 0.0300 0.0125
1 0.3588 0.7384 0.0112 0.0175
1 0.8450 0.0059 0.0275 0.0087
1 0.3828 0.7331 0.0125 0.0225
1 0.4791 0.8984 0.0175 0.0250
1 0.5012 0.9500 0.0150 0.0250
1 0.2984 0.5428 0.0187 0.0263
1 0.3666 0.6388 0.0112 0.0275
1 0.2944 0.5831 0.0138 0.0225
1 0.4028 0.6591 0.0150 0.0400
1 0.4203 0.8094 0.0187 0.0250
1 0.4906 0.9287 0.0125 0.0200
1 0.4075 0.0228 0.0400 0.0112
1 0.3691 0.7759 0.0100 0.0238
1 0.3872 0.8084 0.0087 0.0200
1 0.6975 0.0250 0.0263 0.0125
1 0.3894 0.7334 0.0100 0.0200
1 0.5209 0.9156 0.0263 0.0250
1 0.5606 0.9331 0.0150 0.0225
1 0.7481 0.0922 0.0275 0.0125
1 0.5406 0.8266 0.0125 0.0187
1 0.4763 0.1084 0.0212 0.0075
1 0.5534 0.8922 0.0100 0.0187
1 0.6744 0.0706 0.0175 0.0100
1 0.5472 0.8497 0.0100 0.0212
1 0.5106 0.1856 0.0275 0.0087
1 0.5975 0.9750 0.0138 0.0187
1 0.6353 0.2013 0.0175 0.0087
1 0.1831 0.4150 0.0225 0.0238
1 0.6575 0.2147 0.0087 0.0075
1 0.4263 0.0688 0.0275 0.0125
1 0.4475 0.9094 0.0138 0.0187
1 0.1225 0.0988 0.0138 0.0163
1 0.5613 0.9706 0.0163 0.0225
1 0.4588 0.8750 0.0112 0.0250
1 0.7562 0.1650 0.0187 0.0112
1 0.5441 0.9881 0.0163 0.0200
1 0.6522 0.2391 0.0200 0.0063
1 0.1550 0.4316 0.0163 0.0225
1 0.2491 0.2681 0.0075 0.0238
1 0.1712 0.4559 0.0175 0.0212
1 0.3969 0.6725 0.0125 0.0325
1 0.2553 0.6166 0.0138 0.0238
1 0.3391 0.6622 0.0125 0.0212
1 0.5322 0.9625 0.0112 0.0187
1 0.5269 0.9400 0.0100 0.0175
1 0.4066 0.7766 0.0100 0.0250
1 0.5519 0.0234 0.0350 0.0125
1 0.4184 0.8375 0.0087 0.0312
1 0.4194 0.7541 0.0075 0.0238
1 0.5994 0.0644 0.0362 0.0100
1 0.3588 0.8597 0.0112 0.0163
1 0.5809 0.9334 0.0087 0.0200
1 0.3472 0.6013 0.0100 0.0275
1 0.1928 0.0322 0.0200 0.0175
1 0.3359 0.6969 0.0125 0.0250
1 0.3394 0.6022 0.0100 0.0263
1 0.2331 0.0244 0.0225 0.0175
1 0.5716 0.9100 0.0150 0.0263
1 0.5900 0.9334 0.0112 0.0263
1 0.4362 0.7369 0.0100 0.0300
1 0.5541 0.0881 0.0238 0.0075
1 0.4297 0.8666 0.0063 0.0238
1 0.4412 0.7694 0.0075 0.0200
1 0.7759 0.0462 0.0238 0.0112
1 0.4750 0.8391 0.0187 0.0250
1 0.3341 0.2222 0.0338 0.0287
1 0.5750 0.9922 0.0125 0.0125
1 0.3284 0.2156 0.0287 0.0250
1 0.5941 0.9944 0.0100 0.0075
1 0.3013 0.0969 0.0275 0.0125
1 0.4662 0.9306 0.0138 0.0238
1 0.7728 0.1997 0.0175 0.0087
1 0.5253 0.9950 0.0100 0.0087
1 0.2359 0.1175 0.0312 0.0163
1 0.7559 0.2091 0.0212 0.0087
1 0.5144 0.9766 0.0100 0.0187
1 0.5175 0.8241 0.0163 0.0200
1 0.2797 0.2675 0.0063 0.0163
1 0.6200 0.9919 0.0087 0.0150
1 0.1950 0.4769 0.0212 0.0225
1 0.2019 0.2300 0.0100 0.0350
1 0.2372 0.4750 0.0150 0.0250
1 0.3603 0.1116 0.0300 0.0075
1 0.4600 0.8463 0.0138 0.0238
1 0.4144 0.1506 0.0225 0.0138
1 0.5644 0.8709 0.0100 0.0200
1 0.7544 0.2263 0.0150 0.0087
1 0.1950 0.2256 0.0087 0.0325
1 0.2006 0.5222 0.0200 0.0163
1 0.1381 0.3934 0.0200 0.0212
1 0.2694 0.5097 0.0200 0.0287
1 0.2327 0.5525 0.0154 0.0174
1 0.2687 0.5498 0.0186 0.0215
1 0.3245 0.6465 0.0115 0.0243
1 0.3745 0.6389 0.0115 0.0279
1 0.5998 0.9553 0.0151 0.0169
1 0.4872 0.8964 0.0151 0.0210
1 0.4754 0.7745 0.0227 0.0239
1 0.4666 0.7793 0.0176 0.0212
1 0.4875 0.7721 0.0281 0.0254
1 0.4926 0.7683 0.0227 0.0273
1 0.5298 0.8602 0.0096 0.0266
1 0.5194 0.8586 0.0107 0.0235
1 0.5095 0.8621 0.0096 0.0273
1 0.5020 0.8661 0.0071 0.0229
1 0.3912 0.7576 0.0136 0.0245
1 0.3827 0.7600 0.0124 0.0231
