1 0.3769 0.2513 0.0350 0.0087
1 0.3556 0.8200 0.0175 0.0212
1 0.7969 0.0578 0.0375 0.0125
1 0.3650 0.8925 0.0175 0.0225
1 0.4681 0.2616 0.0362 0.0075
1 0.3331 0.2897 0.0287 0.0075
1 0.7666 0.1322 0.0362 0.0112
1 0.4144 0.8816 0.0163 0.0225
1 0.3497 0.3334 0.0338 0.0075
1 0.3150 0.7238 0.0112 0.0163
1 0.4494 0.0844 0.0300 0.0125
1 0.3737 0.7506 0.0163 0.0200
1 0.5216 0.9575 0.0150 0.0150
1 0.3378 0.7209 0.0163 0.0200
1 0.2131 0.1181 0.0200 0.0112
1 0.3400 0.7731 0.0112 0.0150
1 0.4463 0.2941 0.0362 0.0100
1 0.3684 0.8359 0.0150 0.0250
1 0.1950 0.2119 0.0212 0.0112
1 0.3909 0.8931 0.0100 0.0175
1 0.4009 0.3438 0.0300 0.0125
1 0.3862 0.8187 0.0163 0.0187
1 0.6728 0.2034 0.0362 0.0163
1 0.4537 0.8900 0.0138 0.0238
1 0.5297 0.3387 0.0250 0.0150
1 0.4162 0.9278 0.0138 0.0212
1 0.5478 0.3912 0.0050 0.0075
1 0.6278 0.2728 0.0400 0.0175
1 0.4284 0.9512 0.0163 0.0275
1 0.5581 0.4222 0.0100 0.0100
1 0.1903 0.3075 0.0400 0.0087
1 0.2684 0.6419 0.0150 0.0150
1 0.8106 0.3000 0.0150 0.0063
1 0.2369 0.6506 0.0175 0.0200
1 0.6687 0.2844 0.0312 0.0125
1 0.4534 0.9569 0.0163 0.0200
1 0.5772 0.3878 0.0138 0.0100
1 0.7078 0.2816 0.0125 0.0100
1 0.4456 0.9881 0.0163 0.0200
1 0.6022 0.4028 0.0075 0.0087
1 0.7950 0.3716 0.0087 0.0087
1 0.2891 0.6562 0.0125 0.0125
1 0.2259 0.5700 0.0175 0.0212
1 0.0803 0.3044 0.0263 0.0150
1 0.5197 0.9891 0.0175 0.0187
1 0.3644 0.7306 0.0100 0.0175
1 0.5109 0.1181 0.0250 0.0175
1 0.3291 0.7888 0.0112 0.0150
1 0.5400 0.9809 0.0175 0.0150
1 0.3166 0.7491 0.0112 0.0138
1 0.5162 0.1569 0.0387 0.0075
1 0.3987 0.7856 0.0163 0.0212
1 0.4966 0.2200 0.0338 0.0087
1 0.4225 0.8269 0.0138 0.0287
1 0.6050 0.2278 0.0163 0.0087
1 0.3009 0.3316 0.0362 0.0100
1 0.5309 0.2441 0.0338 0.0100
1 0.4725 0.8350 0.0200 0.0263
1 0.5513 0.2606 0.0400 0.0087
1 0.4775 0.8869 0.0112 0.0175
1 0.3881 0.2841 0.0387 0.0087
1 0.2500 0.2875 0.0250 0.0125
1 0.4394 0.2194 0.0225 0.0075
1 0.3784 0.7925 0.0100 0.0163
1 0.3697 0.1469 0.0300 0.0187
1 0.2950 0.7503 0.0150 0.0163
1 0.1406 0.2047 0.0375 0.0125
1 0.3516 0.8003 0.0187 0.0225
1 0.5909 0.1778 0.0350 0.0087
1 0.3981 0.8500 0.0150 0.0187
1 0.5050 0.3109 0.0287 0.0125
1 0.4544 0.9131 0.0150 0.0200
1 0.6653 0.1144 0.0275 0.0100
1 0.4206 0.8556 0.0100 0.0175
1 0.5603 0.3019 0.0362 0.0100
1 0.5047 0.9213 0.0063 0.0112
1 0.6016 0.3103 0.0250 0.0112
1 0.4637 0.9831 0.0212 0.0225
1 0.8316 0.1856 0.0412 0.0087
1 0.2062 0.2578 0.0250 0.0063
1 0.4931 0.9762 0.0175 0.0212
1 0.7775 0.2084 0.0362 0.0075
1 0.2375 0.6006 0.0125 0.0200
1 0.2619 0.6844 0.0175 0.0187
1 0.2125 0.5934 0.0187 0.0150
1 0.2916 0.7125 0.0175 0.0187
1 0.5569 0.3450 0.0263 0.0087
1 0.5000 0.9584 0.0125 0.0200
1 0.8256 0.2400 0.0325 0.0112
1 0.6625 0.3356 0.0187 0.0087
1 0.9259 0.2131 0.0300 0.0075
1 0.2222 0.6203 0.0163 0.0125
1 0.2869 0.7188 0.0175 0.0187
1 0.2716 0.6362 0.0150 0.0163
1 0.3056 0.7025 0.0175 0.0175
1 0.2881 0.1636 0.0169 0.0052
1 0.2507 0.2346 0.0420 0.0129
1 0.3089 0.6956 0.0179 0.0161
1 0.3548 0.7541 0.0158 0.0207
1 0.3485 0.7600 0.0158 0.0200
1 0.3364 0.6967 0.0104 0.0123
1 0.4273 0.9097 0.0170 0.0194
1 0.4207 0.9142 0.0164 0.0190
1 0.4681 0.9533 0.0174 0.0190
1 0.4760 0.9469 0.0176 0.0187
1 0.4860 0.9446 0.0158 0.0174
1 0.4924 0.9402 0.0191 0.0179
