1 0.9331 0.4150 0.0225 0.0238
1 0.1309 0.5850 0.0212 0.0075
1 0.1675 0.5900 0.0163 0.0050
1 0.8725 0.0988 0.0138 0.0163
1 0.9050 0.4316 0.0163 0.0225
1 0.9213 0.4559 0.0175 0.0212
1 0.2047 0.5887 0.0187 0.0087
1 0.2403 0.5881 0.0275 0.0075
1 0.9428 0.0322 0.0200 0.0175
1 0.9831 0.0244 0.0225 0.0175
1 0.9847 0.1175 0.0287 0.0163
1 0.0084 0.6062 0.0138 0.0063
1 0.9450 0.4769 0.0212 0.0225
1 0.9519 0.2300 0.0100 0.0350
1 0.9872 0.4750 0.0150 0.0250
1 0.2856 0.5822 0.0150 0.0050
1 0.2928 0.5947 0.0138 0.0050
1 0.0525 0.6053 0.0112 0.0075
1 0.0947 0.5963 0.0175 0.0050
1 0.9450 0.2256 0.0087 0.0325
1 0.9506 0.5222 0.0200 0.0163
1 0.8881 0.3934 0.0200 0.0212
1 0.6512 0.2025 0.0087 0.0175
1 0.9829 0.5524 0.0159 0.0174
