1 0.1628 0.7400 0.0163 0.0112
1 0.0688 0.5834 0.0312 0.0325
1 0.0094 0.7987 0.0187 0.0163
1 0.3028 0.8356 0.0150 0.0150
1 0.1209 0.7491 0.0200 0.0200
1 0.2341 0.8113 0.0150 0.0163
1 0.1909 0.7803 0.0163 0.0200
1 0.1381 0.9400 0.0325 0.0238
1 0.2578 0.8022 0.0125 0.0138
1 0.1066 0.6250 0.0287 0.0250
1 0.2756 0.8591 0.0200 0.0212
1 0.1313 0.6438 0.0187 0.0187
1 0.0375 0.8519 0.0187 0.0100
1 0.3412 0.8850 0.0200 0.0200
1 0.2756 0.8178 0.0200 0.0200
1 0.3766 0.9056 0.0187 0.0175
1 0.1425 0.7322 0.0100 0.0112
1 0.2144 0.7603 0.0100 0.0112
1 0.4106 0.9206 0.0150 0.0163
1 0.4659 0.9812 0.0163 0.0187
1 0.0406 0.5522 0.0250 0.0263
1 0.1555 0.7649 0.0204 0.0236
1 0.1617 0.7608 0.0203 0.0216
1 0.1538 0.7792 0.0139 0.0146
1 0.1912 0.8094 0.0168 0.0125
