1 0.3022 0.7472 0.0075 0.0100
1 0.1794 0.4025 0.0275 0.0175
1 0.2256 0.7300 0.0200 0.0100
1 0.3591 0.7134 0.0087 0.0112
1 0.2550 0.7312 0.0163 0.0125
1 0.0119 0.4469 0.0238 0.0125
1 0.3125 0.3503 0.0312 0.0163
1 0.3856 0.3931 0.0150 0.0112
1 0.0119 0.6319 0.0238 0.0138
1 0.0381 0.6716 0.0325 0.0150
1 0.2247 0.4297 0.0212 0.0125
1 0.1234 0.5241 0.0312 0.0075
1 0.3184 0.6103 0.0275 0.0300
1 0.3019 0.7194 0.0100 0.0075
1 0.1328 0.4594 0.0250 0.0125
1 0.0381 0.5009 0.0200 0.0112
1 0.4362 0.4500 0.0163 0.0125
1 0.3034 0.7331 0.0100 0.0100
1 0.0766 0.5275 0.0063 0.0112
1 0.1187 0.3781 0.0187 0.0125
1 0.1178 0.6666 0.0263 0.0238
1 0.6894 0.0566 0.0412 0.0163
1 0.6759 0.1153 0.0300 0.0212
1 0.2178 0.5528 0.0263 0.0150
1 0.0222 0.5853 0.0350 0.0238
1 0.3038 0.2441 0.0200 0.0100
1 0.1234 0.6306 0.0250 0.0175
1 0.0197 0.7616 0.0112 0.0075
1 0.3336 0.5998 0.0235 0.0245
1 0.1095 0.7584 0.0284 0.0169
1 0.0540 0.8324 0.0236 0.0241
