1 0.5359 0.6787 0.0187 0.0075
1 0.7106 0.5162 0.0212 0.0138
1 0.6084 0.6647 0.0263 0.0138
1 0.7875 0.5009 0.0187 0.0112
1 0.5634 0.4787 0.0238 0.0138
1 0.5081 0.5887 0.0225 0.0087
1 0.5988 0.5006 0.0225 0.0138
1 0.6991 0.4281 0.0200 0.0125
1 0.6066 0.6719 0.0163 0.0125
1 0.8691 0.3772 0.0163 0.0075
1 0.6731 0.6694 0.0212 0.0075
1 0.8697 0.3828 0.0112 0.0063
1 0.8266 0.5262 0.0063 0.0087
1 0.8744 0.6294 0.0238 0.0150
1 0.6556 0.5631 0.0175 0.0075
1 0.8681 0.6653 0.0238 0.0212
1 0.9669 0.5516 0.0275 0.0125
1 0.4569 0.5384 0.0263 0.0112
1 0.9206 0.6984 0.0100 0.0063
1 0.4531 0.9644 0.0187 0.0163
1 0.3112 0.5231 0.0163 0.0087
1 0.5834 0.7309 0.0263 0.0087
1 0.6781 0.6056 0.0125 0.0050
1 0.7706 0.7609 0.0100 0.0063
1 0.9203 0.7084 0.0125 0.0075
1 0.4981 0.9941 0.0150 0.0100
1 0.9728 0.7300 0.0112 0.0100
1 0.3347 0.6550 0.0100 0.0037
1 0.6447 0.4897 0.0238 0.0138
1 0.7087 0.2300 0.0112 0.0100
1 0.5678 0.5400 0.0200 0.0112
1 0.7609 0.4469 0.0250 0.0125
1 0.6725 0.6744 0.0138 0.0050
1 0.9291 0.3987 0.0238 0.0100
1 0.6462 0.5325 0.0112 0.0087
1 0.9256 0.4069 0.0138 0.0075
1 0.5341 0.5578 0.0150 0.0125
1 0.4753 0.7100 0.0287 0.0138
1 0.5816 0.5581 0.0225 0.0100
1 0.4756 0.7181 0.0200 0.0112
1 0.6519 0.5344 0.0100 0.0125
1 0.8831 0.4584 0.0225 0.0138
1 0.3528 0.3309 0.0150 0.0150
1 0.8791 0.5241 0.0175 0.0075
1 0.6984 0.6244 0.0125 0.0050
1 0.8600 0.7588 0.0263 0.0175
1 0.7716 0.5822 0.0338 0.0175
1 0.4025 0.5531 0.0238 0.0125
1 0.1663 0.7250 0.0138 0.0187
1 0.4528 0.5900 0.0212 0.0112
1 0.3791 0.8925 0.0238 0.0163
1 0.3300 0.6262 0.0163 0.0087
1 0.7603 0.6319 0.0238 0.0138
1 0.8041 0.8306 0.0238 0.0238
1 0.7872 0.6719 0.0275 0.0125
1 0.9716 0.4325 0.0150 0.0087
1 0.4084 0.9250 0.0200 0.0187
1 0.4928 0.6453 0.0263 0.0125
1 0.4628 0.9419 0.0163 0.0150
1 0.6886 0.0536 0.0678 0.0291
1 0.5303 0.6112 0.0263 0.0129
1 0.5886 0.5945 0.0242 0.0141
