1 0.7647 0.0116 0.0138 0.0138
1 0.7803 0.0125 0.0200 0.0250
1 0.9684 0.1931 0.0150 0.0175
1 0.7909 0.1988 0.0225 0.0287
1 0.9856 0.5938 0.0087 0.0187
1 0.8134 0.0813 0.0175 0.0187
1 0.8469 0.1509 0.0125 0.0238
1 0.8431 0.0866 0.0175 0.0200
1 0.8650 0.1384 0.0112 0.0175
1 0.9662 0.1609 0.0138 0.0187
1 0.8887 0.1469 0.0150 0.0250
1 0.8925 0.2019 0.0163 0.0225
1 0.8231 0.0394 0.0150 0.0225
1 0.8791 0.0169 0.0112 0.0150
1 0.7841 0.2784 0.0338 0.0537
1 0.9909 0.6106 0.0163 0.0087
1 0.8647 0.3991 0.0325 0.0512
1 0.9059 0.1181 0.0150 0.0175
1 0.8581 0.0744 0.0163 0.0175
1 0.9238 0.1097 0.0163 0.0163
1 0.9503 0.2075 0.0163 0.0150
1 0.9416 0.2109 0.0238 0.0250
1 0.8488 0.0153 0.0163 0.0212
1 0.8372 0.0231 0.0150 0.0150
1 0.9481 0.5697 0.0087 0.0175
1 0.9719 0.5375 0.0125 0.0125
1 0.9016 0.1378 0.0125 0.0163
1 0.9147 0.1888 0.0138 0.0212
1 0.9259 0.1431 0.0112 0.0175
1 0.8106 0.0100 0.0150 0.0200
1 0.8797 0.0375 0.0125 0.0187
1 0.8694 0.0547 0.0138 0.0187
1 0.8831 0.4597 0.0225 0.0350
1 0.8975 0.4628 0.0138 0.0163
1 0.8631 0.1056 0.0138 0.0175
1 0.8750 0.1588 0.0125 0.0238
1 0.8287 0.1237 0.0138 0.0225
1 0.9347 0.1334 0.0100 0.0138
1 0.9363 0.1800 0.0163 0.0225
1 0.9153 0.1628 0.0150 0.0163
1 0.9531 0.1744 0.0125 0.0175
1 0.6512 0.0544 0.0150 0.0150
1 0.8441 0.0584 0.0163 0.0200
1 0.8250 0.0584 0.0187 0.0200
1 0.9344 0.5537 0.0125 0.0263
1 0.8425 0.1131 0.0225 0.0263
1 0.9028 0.0750 0.0212 0.0187
1 0.9303 0.2172 0.0138 0.0187
1 0.7309 0.0025 0.0212 0.0050
1 0.8950 0.1758 0.0150 0.0204
1 0.9474 0.1507 0.0168 0.0170
1 0.8816 0.1206 0.0164 0.0224
1 0.8752 0.1240 0.0130 0.0168
1 0.8023 0.0317 0.0171 0.0197
1 0.7970 0.0374 0.0158 0.0185
