1 0.0378 0.2237 0.0225 0.0163
1 0.6656 0.1141 0.0312 0.0125
1 0.0112 0.2403 0.0225 0.0275
1 0.6572 0.1225 0.0362 0.0138
1 0.5856 0.0981 0.0275 0.0150
1 0.3981 0.2116 0.0400 0.0075
1 0.5287 0.0850 0.0325 0.0138
1 0.3319 0.1019 0.0387 0.0163
1 0.5016 0.2119 0.0125 0.0050
1 0.6325 0.1081 0.0338 0.0100
1 0.8603 0.3731 0.0175 0.0150
1 0.5259 0.0975 0.0238 0.0138
1 0.7819 0.1556 0.0638 0.0300
1 0.4841 0.0847 0.0525 0.0100
1 0.2950 0.1128 0.0338 0.0100
1 0.8409 0.2775 0.0537 0.0362
1 0.9131 0.2141 0.0512 0.0375
1 0.4359 0.0872 0.0437 0.0087
1 0.2003 0.1331 0.0475 0.0225
1 0.4406 0.0950 0.0375 0.0087
1 0.1400 0.1653 0.0300 0.0150
1 0.9881 0.2541 0.0200 0.0175
1 0.9909 0.3956 0.0163 0.0225
1 0.3906 0.0879 0.0311 0.0071
1 0.3866 0.1000 0.0450 0.0156
1 0.6749 0.2021 0.0405 0.0198
