1 0.6034 0.3516 0.0163 0.0187
1 0.6484 0.6125 0.0125 0.0187
1 0.5184 0.3116 0.0150 0.0138
1 0.4894 0.2913 0.0225 0.0200
1 0.5606 0.2697 0.0150 0.0175
1 0.8122 0.9963 0.0150 0.0050
1 0.6613 0.5597 0.0163 0.0163
1 0.4931 0.4022 0.0300 0.0138
1 0.6687 0.6238 0.0125 0.0163
1 0.4050 0.3962 0.0350 0.0112
1 0.6719 0.5463 0.0125 0.0175
1 0.3169 0.0037 0.0087 0.0075
1 0.6981 0.9356 0.0212 0.0212
1 0.5622 0.2941 0.0150 0.0163
1 0.7550 0.9419 0.0163 0.0150
1 0.4931 0.2237 0.0175 0.0225
1 0.6200 0.5634 0.0087 0.0175
1 0.5406 0.2909 0.0125 0.0163
1 0.5806 0.4522 0.0175 0.0200
1 0.6613 0.5847 0.0163 0.0163
1 0.6406 0.5781 0.0187 0.0250
1 0.3987 0.0356 0.0163 0.0212
1 0.6778 0.5744 0.0150 0.0175
1 0.7863 0.9775 0.0163 0.0112
1 0.6981 0.6059 0.0212 0.0212
1 0.5219 0.3809 0.0125 0.0150
1 0.6234 0.5197 0.0187 0.0238
1 0.5306 0.3644 0.0238 0.0225
1 0.6175 0.5231 0.0163 0.0212
1 0.4944 0.3178 0.0200 0.0200
1 0.5028 0.2869 0.0087 0.0175
1 0.5831 0.3034 0.0100 0.0100
1 0.7272 0.6144 0.0138 0.0163
1 0.7534 0.9047 0.0163 0.0125
1 0.8063 0.9256 0.0187 0.0138
1 0.5656 0.4350 0.0125 0.0200
1 0.4537 0.1400 0.0138 0.0238
1 0.3544 0.0703 0.0150 0.0187
1 0.5588 0.4437 0.0175 0.0187
1 0.5041 0.1703 0.0050 0.0125
1 0.3753 0.0050 0.0163 0.0100
1 0.3684 0.0869 0.0150 0.0238
1 0.7850 0.9450 0.0200 0.0150
1 0.9944 0.9666 0.0075 0.0112
1 0.7856 0.9531 0.0150 0.0125
1 0.5287 0.3284 0.0138 0.0163
1 0.3284 0.0397 0.0100 0.0138
1 0.5056 0.3478 0.0175 0.0175
1 0.4213 0.1056 0.0112 0.0175
1 0.7031 0.5763 0.0125 0.0212
1 0.7078 0.9066 0.0187 0.0100
1 0.6669 0.5237 0.0150 0.0163
1 0.7288 0.9272 0.0200 0.0138
1 0.6344 0.4128 0.0125 0.0163
1 0.4650 0.2650 0.0238 0.0238
1 0.5925 0.5047 0.0100 0.0187
1 0.3928 0.1444 0.0138 0.0200
1 0.6412 0.4316 0.0138 0.0163
1 0.4453 0.2394 0.0187 0.0225
1 0.5822 0.5025 0.0112 0.0175
1 0.4156 0.1778 0.0125 0.0212
1 0.9175 0.9050 0.0163 0.0163
1 0.9200 0.8781 0.0150 0.0125
1 0.3522 0.0497 0.0200 0.0212
1 0.5206 0.2066 0.0163 0.0163
1 0.7544 0.9294 0.0150 0.0150
1 0.9056 0.9944 0.0112 0.0075
1 0.6178 0.4572 0.0200 0.0175
1 0.5366 0.3044 0.0075 0.0150
1 0.6222 0.3812 0.0163 0.0187
1 0.4775 0.2538 0.0112 0.0200
1 0.7031 0.5453 0.0125 0.0187
1 0.7831 0.9828 0.0100 0.0063
1 0.6897 0.6100 0.0200 0.0200
1 0.7284 0.5963 0.0100 0.0175
1 0.5444 0.3981 0.0138 0.0150
1 0.6112 0.5272 0.0163 0.0200
1 0.5503 0.3931 0.0163 0.0175
1 0.6366 0.5425 0.0138 0.0163
1 0.9688 0.9137 0.0187 0.0212
1 0.5197 0.2391 0.0175 0.0187
1 0.9600 0.9287 0.0138 0.0138
1 0.4637 0.2331 0.0212 0.0225
1 0.3784 0.0419 0.0100 0.0150
1 0.5763 0.3619 0.0150 0.0175
1 0.5400 0.2313 0.0175 0.0187
1 0.6003 0.3672 0.0163 0.0187
1 0.5378 0.2484 0.0100 0.0125
1 0.7203 0.5628 0.0125 0.0163
1 0.6912 0.5625 0.0138 0.0187
1 0.3506 0.0087 0.0200 0.0175
1 0.6303 0.5484 0.0138 0.0187
1 0.6638 0.6050 0.0087 0.0163
1 0.6678 0.4853 0.0138 0.0175
1 0.5122 0.3425 0.0150 0.0163
1 0.4725 0.0844 0.0200 0.0250
1 0.3656 0.1441 0.0187 0.0225
1 0.5528 0.3709 0.0150 0.0138
1 0.4769 0.1350 0.0100 0.0200
1 0.4841 0.5750 0.0275 0.0437
1 0.7125 0.9506 0.0063 0.0200
1 0.5991 0.4372 0.0138 0.0150
1 0.4550 0.2044 0.0163 0.0212
1 0.6881 0.5316 0.0075 0.0163
1 0.4275 0.1994 0.0175 0.0300
1 0.5859 0.4306 0.0125 0.0175
1 0.6819 0.5356 0.0075 0.0150
1 0.4544 0.1622 0.0150 0.0212
1 0.3391 0.0219 0.0125 0.0187
1 0.4225 0.0753 0.0138 0.0287
1 0.4984 0.2066 0.0125 0.0225
1 0.5594 0.3656 0.0125 0.0125
1 0.3981 0.0991 0.0150 0.0200
1 0.6169 0.8206 0.0150 0.0287
1 0.7194 0.9594 0.0075 0.0187
1 0.7203 0.8947 0.0250 0.0175
1 0.7591 0.9572 0.0150 0.0175
1 0.6194 0.4794 0.0138 0.0150
1 0.4144 0.1316 0.0163 0.0225
1 0.6531 0.5275 0.0125 0.0175
1 0.5447 0.4178 0.0175 0.0200
1 0.6325 0.4725 0.0150 0.0138
1 0.3862 0.0694 0.0163 0.0200
1 0.5916 0.7612 0.0175 0.0225
1 0.7853 0.6741 0.0238 0.0263
1 0.2969 0.0044 0.0125 0.0087
1 0.5941 0.4829 0.0163 0.0189
1 0.5783 0.4759 0.0129 0.0173
1 0.6795 0.9290 0.0089 0.0142
1 0.9042 0.8904 0.0178 0.0183
1 0.8155 0.7089 0.0310 0.0334
1 0.8154 0.7232 0.0151 0.0151
1 0.9502 0.9381 0.0191 0.0199
1 0.9414 0.9412 0.0109 0.0168
1 0.4274 0.1595 0.0174 0.0190
1 0.4209 0.1653 0.0169 0.0181
1 0.5151 0.2859 0.0145 0.0156
1 0.5266 0.2750 0.0158 0.0187
1 0.5192 0.2805 0.0134 0.0172
1 0.6756 0.5075 0.0169 0.0181
1 0.6615 0.5057 0.0136 0.0144
1 0.6476 0.5080 0.0139 0.0192
1 0.6399 0.5116 0.0143 0.0201
1 0.6346 0.5151 0.0129 0.0178
1 0.6095 0.4042 0.0128 0.0177
1 0.6033 0.4092 0.0098 0.0122
1 0.5974 0.4083 0.0135 0.0165
1 0.5894 0.4118 0.0132 0.0173
1 0.5868 0.4165 0.0173 0.0174
1 0.6221 0.4397 0.0129 0.0168
1 0.6444 0.4722 0.0170 0.0163
1 0.6513 0.4664 0.0151 0.0140
1 0.6564 0.4641 0.0129 0.0126
1 0.6617 0.4613 0.0110 0.0101
1 0.5429 0.3345 0.0108 0.0222
1 0.5527 0.3377 0.0116 0.0284
1 0.5604 0.3358 0.0115 0.0247
1 0.5698 0.3359 0.0083 0.0218
1 0.5790 0.3336 0.0111 0.0204
1 0.4679 0.2021 0.0171 0.0167
1 0.4761 0.1970 0.0178 0.0189
1 0.4861 0.1944 0.0159 0.0170
1 0.4931 0.1883 0.0144 0.0140
