1 0.7137 0.8522 0.0150 0.0200
1 0.7562 0.8809 0.0125 0.0150
1 0.0391 0.0325 0.0625 0.0338
1 0.4600 0.3100 0.0387 0.0387
1 0.5631 0.4750 0.0325 0.0500
1 0.4928 0.3606 0.0387 0.0525
1 0.5934 0.5269 0.0400 0.0537
1 0.7469 0.8997 0.0125 0.0150
1 0.1019 0.0544 0.0600 0.0338
1 0.3522 0.3941 0.0200 0.0225
1 0.6312 0.5988 0.0312 0.0537
1 0.3209 0.4231 0.0138 0.0150
1 0.4469 0.5684 0.0187 0.0212
1 0.4787 0.6737 0.0138 0.0163
1 0.5847 0.7269 0.0100 0.0225
1 0.5644 0.7406 0.0163 0.0187
1 0.5769 0.7697 0.0163 0.0238
1 0.5722 0.8809 0.0100 0.0150
1 0.5234 0.7653 0.0125 0.0150
1 0.5909 0.8919 0.0100 0.0150
1 0.8634 0.9912 0.0112 0.0138
1 0.4716 0.6784 0.0150 0.0163
1 0.5406 0.7216 0.0125 0.0150
1 0.4981 0.6725 0.0150 0.0138
1 0.5253 0.7344 0.0163 0.0187
1 0.5766 0.7934 0.0125 0.0150
1 0.6297 0.8600 0.0063 0.0138
1 0.5803 0.8256 0.0138 0.0200
1 0.6406 0.8794 0.0125 0.0212
1 0.7778 0.9034 0.0087 0.0163
1 0.7900 0.9391 0.0112 0.0187
1 0.1731 0.0922 0.0525 0.0375
1 0.2369 0.1288 0.0550 0.0387
1 0.1166 0.2481 0.0175 0.0150
1 0.4425 0.6041 0.0163 0.0175
1 0.0056 0.1638 0.0112 0.0087
1 0.4672 0.6344 0.0125 0.0187
1 0.7356 0.9444 0.0150 0.0200
1 0.8050 0.9675 0.0100 0.0163
1 0.3472 0.2031 0.0475 0.0375
1 0.4166 0.2619 0.0488 0.0488
1 0.4594 0.6362 0.0125 0.0163
1 0.5294 0.4213 0.0400 0.0613
1 0.4806 0.6487 0.0112 0.0163
1 0.3794 0.5009 0.0150 0.0112
1 0.3703 0.5147 0.0125 0.0138
1 0.5078 0.7162 0.0125 0.0138
1 0.6191 0.8047 0.0163 0.0250
1 0.6050 0.8644 0.0100 0.0225
1 0.6675 0.7388 0.0225 0.0087
1 0.6150 0.9122 0.0112 0.0212
1 0.4053 0.5559 0.0138 0.0087
1 0.5019 0.7166 0.0100 0.0175
1 0.4978 0.6978 0.0175 0.0175
1 0.6116 0.7519 0.0138 0.0287
1 0.5881 0.8738 0.0075 0.0163
1 0.6281 0.9316 0.0125 0.0225
1 0.6406 0.9141 0.0125 0.0187
1 0.7406 0.9858 0.0125 0.0216
1 0.8086 0.9924 0.0079 0.0130
1 0.6987 0.7121 0.0350 0.0554
1 0.3018 0.1663 0.0411 0.0294
1 0.3937 0.5171 0.0156 0.0186
1 0.3428 0.4517 0.0169 0.0159
1 0.3349 0.4552 0.0136 0.0135
