1 0.8144 0.7400 0.0100 0.0238
1 0.8625 0.7694 0.0063 0.0138
1 0.7578 0.7016 0.0125 0.0125
1 0.7162 0.8516 0.0075 0.0187
1 0.5928 0.2669 0.0075 0.0150
1 0.7537 0.2550 0.0138 0.0225
1 0.5741 0.2759 0.0075 0.0112
1 0.5672 0.1403 0.0063 0.0212
1 0.5566 0.1519 0.0100 0.0225
1 0.8256 0.7622 0.0075 0.0212
1 0.7269 0.8756 0.0100 0.0138
1 0.7328 0.7700 0.0125 0.0212
1 0.7941 0.8562 0.0100 0.0187
1 0.6281 0.2734 0.0125 0.0187
1 0.7328 0.2644 0.0125 0.0163
1 0.6487 0.2600 0.0100 0.0138
1 0.7753 0.2775 0.0100 0.0175
1 0.8219 0.9909 0.0125 0.0163
1 0.5578 0.1962 0.0063 0.0112
1 0.6338 0.3466 0.0112 0.0212
1 0.8322 0.3369 0.0050 0.0112
1 0.8412 0.3322 0.0138 0.0238
1 0.6225 0.2325 0.0138 0.0212
1 0.7338 0.3550 0.0112 0.0225
1 0.6666 0.3422 0.0112 0.0187
1 0.8069 0.4047 0.0075 0.0187
1 0.8613 0.3866 0.0163 0.0512
1 0.8256 0.4756 0.0075 0.0200
1 0.7797 0.5909 0.0125 0.0225
1 0.8631 0.4456 0.0200 0.0663
1 0.8187 0.5025 0.0063 0.0175
1 0.6934 0.0856 0.0400 0.0588
1 0.8394 0.5844 0.0100 0.0187
1 0.6334 0.2306 0.0138 0.0175
1 0.7562 0.3381 0.0125 0.0200
1 0.5875 0.3216 0.0125 0.0212
1 0.7841 0.4250 0.0087 0.0187
1 0.7869 0.3412 0.0112 0.0200
1 0.5781 0.3250 0.0187 0.0187
1 0.7875 0.4528 0.0063 0.0212
1 0.8734 0.5691 0.0125 0.0412
1 0.7612 0.5331 0.0100 0.0225
1 0.8831 0.6469 0.0100 0.0187
1 0.7913 0.5394 0.0075 0.0225
1 0.8009 0.5800 0.0050 0.0225
1 0.4956 0.1000 0.0100 0.0187
1 0.5769 0.1738 0.0100 0.0225
1 0.5153 0.0813 0.0087 0.0187
1 0.5794 0.2375 0.0150 0.0187
1 0.7219 0.7991 0.0125 0.0263
1 0.7762 0.8809 0.0087 0.0212
1 0.7488 0.7322 0.0100 0.0238
1 0.6519 0.2838 0.0100 0.0238
1 0.7181 0.3081 0.0175 0.0225
1 0.6072 0.2997 0.0112 0.0150
1 0.7394 0.2963 0.0100 0.0238
1 0.4856 0.1422 0.0087 0.0250
1 0.5294 0.1038 0.0150 0.0138
1 0.6013 0.2525 0.0087 0.0112
1 0.8281 0.8241 0.0125 0.0200
1 0.7859 0.9116 0.0063 0.0200
1 0.8106 0.7656 0.0087 0.0187
1 0.7522 0.9950 0.0075 0.0087
1 0.6341 0.3125 0.0150 0.0187
1 0.7588 0.2863 0.0112 0.0163
1 0.6300 0.3159 0.0163 0.0225
1 0.7781 0.2969 0.0125 0.0125
1 0.6450 0.2247 0.0150 0.0212
1 0.5703 0.3031 0.0063 0.0125
1 0.8166 0.4416 0.0112 0.0238
1 0.7581 0.1663 0.0287 0.0263
1 0.7556 0.3903 0.0112 0.0212
1 0.6737 0.5109 0.0163 0.0312
1 0.8059 0.4750 0.0087 0.0187
1 0.7397 0.9459 0.0200 0.0263
1 0.8412 0.5303 0.0075 0.0200
1 0.7963 0.5687 0.0050 0.0187
1 0.7347 0.9403 0.0163 0.0212
1 0.8206 0.5334 0.0100 0.0200
1 0.7684 0.6556 0.0087 0.0300
1 0.8113 0.2578 0.0225 0.0312
1 0.7306 0.3947 0.0112 0.0175
1 0.6525 0.0138 0.0238 0.0275
1 0.7863 0.4941 0.0100 0.0225
1 0.7959 0.2553 0.0075 0.0138
1 0.8222 0.2919 0.0287 0.0400
1 0.6881 0.5391 0.0138 0.0125
1 0.8181 0.9572 0.0112 0.0238
1 0.8297 0.5588 0.0063 0.0175
1 0.8656 0.6784 0.0063 0.0163
1 0.8094 0.9563 0.0125 0.0250
1 0.7731 0.5650 0.0087 0.0175
1 0.8622 0.7131 0.0087 0.0200
1 0.5432 0.1198 0.0114 0.0177
1 0.5292 0.1300 0.0147 0.0163
