1 0.5644 0.0006 0.0037 0.0013
1 0.6125 0.0194 0.0063 0.0138
1 0.4662 0.1016 0.0075 0.0187
1 0.5500 0.9325 0.0250 0.0212
1 0.4553 0.4216 0.0075 0.0212
1 0.4769 0.2731 0.0100 0.0212
1 0.5287 0.4059 0.0138 0.0275
1 0.5181 0.6103 0.0112 0.0175
1 0.6003 0.4688 0.0225 0.0063
1 0.4966 0.8419 0.0150 0.0212
1 0.5756 0.0122 0.0075 0.0212
1 0.4769 0.1256 0.0100 0.0138
1 0.4828 0.0200 0.0125 0.0212
1 0.5441 0.1062 0.0100 0.0187
1 0.5719 0.2428 0.0125 0.0200
1 0.5437 0.4650 0.0125 0.0238
1 0.5094 0.3319 0.0125 0.0200
1 0.4738 0.3350 0.0163 0.0263
1 0.5000 0.4697 0.0187 0.0300
1 0.4881 0.4678 0.0138 0.0263
1 0.4713 0.5228 0.0112 0.0238
1 0.5234 0.8756 0.0187 0.0200
1 0.5225 0.5178 0.0138 0.0200
1 0.4719 0.0491 0.0125 0.0263
1 0.5262 0.1309 0.0087 0.0212
1 0.5703 0.2616 0.0125 0.0138
1 0.5894 0.3259 0.0100 0.0112
1 0.5188 0.5413 0.0125 0.0200
1 0.6003 0.8931 0.0163 0.0175
1 0.5381 0.5634 0.0138 0.0175
1 0.5531 0.8519 0.0125 0.0163
1 0.5781 0.0741 0.0125 0.0200
1 0.5359 0.1616 0.0063 0.0200
1 0.5606 0.0156 0.0087 0.0187
1 0.5009 0.2525 0.0112 0.0238
1 0.4513 0.3775 0.0087 0.0238
1 0.4763 0.4078 0.0087 0.0250
1 0.4897 0.1959 0.0200 0.0263
1 0.4150 0.6219 0.0112 0.0250
1 0.4847 0.1903 0.0163 0.0212
1 0.5531 0.8863 0.0125 0.0163
1 0.5681 0.2072 0.0112 0.0238
1 0.7031 0.9338 0.0125 0.0112
1 0.5594 0.2062 0.0125 0.0250
1 0.4538 0.5839 0.0108 0.0241
1 0.4819 0.6058 0.0106 0.0210
1 0.3377 0.9677 0.0285 0.0355
