1 0.5209 0.1672 0.0263 0.0250
1 0.7000 0.7494 0.0187 0.0175
1 0.5903 0.1837 0.0087 0.0238
1 0.4178 0.0878 0.0075 0.0287
1 0.4997 0.2000 0.0150 0.0250
1 0.7112 0.7706 0.0163 0.0100
1 0.5800 0.1834 0.0100 0.0200
1 0.4581 0.1263 0.0100 0.0275
1 0.7238 0.4422 0.0100 0.0187
1 0.5169 0.0750 0.0150 0.0187
1 0.9128 0.7400 0.0163 0.0112
1 0.4469 0.1588 0.0125 0.0175
1 0.4297 0.1166 0.0063 0.0238
1 0.5400 0.0759 0.0112 0.0175
1 0.9644 0.7612 0.0100 0.0100
1 0.5700 0.1600 0.0150 0.0263
1 0.7406 0.7794 0.0187 0.0150
1 0.5306 0.2134 0.0112 0.0175
1 0.5613 0.1841 0.0163 0.0212
1 0.7581 0.7997 0.0225 0.0150
1 0.5441 0.2369 0.0163 0.0175
1 0.5941 0.2516 0.0100 0.0187
1 0.5644 0.3266 0.0163 0.0187
1 0.5741 0.2519 0.0138 0.0287
1 0.5875 0.3109 0.0187 0.0187
1 0.5934 0.3438 0.0150 0.0187
1 0.4422 0.0197 0.0063 0.0175
1 0.6075 0.3716 0.0087 0.0212
1 0.6903 0.3884 0.0087 0.0175
1 0.4056 0.0266 0.0112 0.0250
1 0.6275 0.3191 0.0112 0.0163
1 0.5597 0.2700 0.0100 0.0150
1 0.6112 0.3122 0.0100 0.0212
1 0.6325 0.3791 0.0150 0.0238
1 0.6706 0.3972 0.0100 0.0163
1 0.6700 0.3519 0.0087 0.0163
1 0.6328 0.4031 0.0187 0.0250
1 0.4647 0.1800 0.0138 0.0225
1 0.7900 0.5506 0.0238 0.0263
1 0.3866 0.0584 0.0075 0.0200
1 0.9400 0.7803 0.0175 0.0200
1 0.4900 0.1784 0.0112 0.0163
1 0.8194 0.5834 0.0325 0.0325
1 0.5466 0.1003 0.0087 0.0225
1 0.9831 0.8113 0.0163 0.0163
1 0.5275 0.1891 0.0112 0.0187
1 0.7875 0.8519 0.0187 0.0100
1 0.5463 0.2559 0.0112 0.0150
1 0.5144 0.2256 0.0100 0.0200
1 0.8853 0.9394 0.0362 0.0225
1 0.5613 0.2206 0.0163 0.0225
1 0.4534 0.0616 0.0163 0.0263
1 0.8559 0.6259 0.0275 0.0238
1 0.5628 0.1219 0.0100 0.0187
1 0.4213 0.0600 0.0175 0.0263
1 0.4594 0.0963 0.0125 0.0238
1 0.8809 0.6431 0.0212 0.0175
1 0.5537 0.1413 0.0075 0.0138
1 0.7191 0.7503 0.0225 0.0163
1 0.5269 0.2494 0.0100 0.0175
1 0.6316 0.7150 0.0163 0.0238
1 0.5969 0.2250 0.0125 0.0187
1 0.3588 0.1097 0.0112 0.0163
1 0.6219 0.6884 0.0125 0.0175
1 0.6200 0.2462 0.0087 0.0238
1 0.5444 0.2734 0.0200 0.0250
1 0.6312 0.2863 0.0125 0.0287
1 0.5469 0.3009 0.0125 0.0238
1 0.4194 0.0091 0.0075 0.0150
1 0.6847 0.3675 0.0100 0.0163
1 0.6044 0.3981 0.0150 0.0275
1 0.6547 0.3556 0.0125 0.0175
1 0.6428 0.4278 0.0138 0.0212
1 0.5684 0.2931 0.0150 0.0238
1 0.5778 0.3563 0.0087 0.0187
1 0.5687 0.3247 0.0187 0.0212
1 0.6172 0.3469 0.0063 0.0187
1 0.6475 0.3588 0.0138 0.0175
1 0.6687 0.4175 0.0125 0.0163
1 0.6531 0.3822 0.0125 0.0175
1 0.6881 0.4047 0.0138 0.0187
1 0.3692 0.0271 0.0102 0.0230
1 0.4749 0.0889 0.0185 0.0248
1 0.4794 0.1490 0.0182 0.0261
1 0.4880 0.1461 0.0135 0.0203
1 0.7090 0.4101 0.0118 0.0170
1 0.6882 0.4291 0.0139 0.0175
1 0.5984 0.2895 0.0094 0.0196
1 0.8730 0.7505 0.0210 0.0198
1 0.8923 0.7308 0.0128 0.0148
1 0.8515 0.6108 0.0280 0.0246
1 0.9116 0.7610 0.0170 0.0219
1 0.9040 0.7659 0.0204 0.0256
1 0.5628 0.5869 0.0351 0.0457
1 0.5912 0.6300 0.0293 0.0382
1 0.9397 0.8108 0.0201 0.0154
1 0.5283 0.1116 0.0097 0.0264
1 0.5193 0.1074 0.0106 0.0211
1 0.5095 0.1124 0.0096 0.0279
1 0.5020 0.1151 0.0070 0.0239
1 0.4702 0.0261 0.0247 0.0241
1 0.4854 0.0228 0.0333 0.0269
1 0.4922 0.0155 0.0250 0.0217
