1 0.4128 0.3034 0.0225 0.0163
1 0.0622 0.2487 0.0150 0.0100
1 0.3578 0.2884 0.0187 0.0175
1 0.0069 0.1919 0.0138 0.0150
1 0.3688 0.2744 0.0187 0.0175
1 0.0591 0.2541 0.0150 0.0112
1 0.0362 0.2275 0.0163 0.0112
1 0.0056 0.1547 0.0112 0.0125
1 0.0563 0.1756 0.0187 0.0138
1 0.0350 0.1950 0.0200 0.0150
1 0.2500 0.2191 0.0187 0.0163
1 0.0356 0.2031 0.0150 0.0125
1 0.3925 0.3212 0.0163 0.0112
1 0.1675 0.1550 0.0163 0.0163
1 0.4253 0.3294 0.0225 0.0150
1 0.1700 0.1281 0.0150 0.0125
1 0.4797 0.3387 0.0187 0.0150
1 0.3638 0.2800 0.0212 0.0163
1 0.0063 0.1794 0.0125 0.0150
1 0.1556 0.2444 0.0112 0.0075
1 0.0331 0.2328 0.0100 0.0063
1 0.2994 0.2275 0.0175 0.0112
1 0.2188 0.1638 0.0187 0.0212
1 0.1975 0.3456 0.0263 0.0163
1 0.2100 0.1788 0.0138 0.0138
1 0.2913 0.2122 0.0138 0.0150
1 0.2712 0.2494 0.0175 0.0175
1 0.5069 0.3472 0.0263 0.0100
1 0.3091 0.2541 0.0212 0.0175
1 0.5216 0.3631 0.0212 0.0075
1 0.0091 0.2072 0.0150 0.0175
1 0.2600 0.2159 0.0200 0.0163
1 0.1533 0.1397 0.0160 0.0170
1 0.2018 0.1883 0.0191 0.0204
1 0.1920 0.1918 0.0090 0.0179
