1 0.5644 0.7400 0.0100 0.0238
1 0.6125 0.7694 0.0063 0.0138
1 0.5078 0.7016 0.0125 0.0125
1 0.4662 0.8516 0.0075 0.0187
1 0.3428 0.2669 0.0075 0.0150
1 0.5037 0.2550 0.0138 0.0225
1 0.3241 0.2759 0.0075 0.0112
1 0.3172 0.1403 0.0063 0.0212
1 0.3066 0.1519 0.0100 0.0225
1 0.5756 0.7622 0.0075 0.0212
1 0.4769 0.8756 0.0100 0.0138
1 0.4828 0.7700 0.0125 0.0212
1 0.5441 0.8562 0.0100 0.0187
1 0.3781 0.2734 0.0125 0.0187
1 0.4828 0.2644 0.0125 0.0163
1 0.3987 0.2600 0.0100 0.0138
1 0.5253 0.2775 0.0100 0.0175
1 0.5719 0.9909 0.0125 0.0163
1 0.3078 0.1962 0.0063 0.0112
1 0.3837 0.3466 0.0112 0.0212
1 0.5822 0.3369 0.0050 0.0112
1 0.5912 0.3322 0.0138 0.0238
1 0.3725 0.2325 0.0138 0.0212
1 0.4838 0.3550 0.0112 0.0225
1 0.4166 0.3422 0.0112 0.0187
1 0.5569 0.4047 0.0075 0.0187
1 0.6112 0.3866 0.0163 0.0512
1 0.5756 0.4756 0.0075 0.0200
1 0.5297 0.5909 0.0125 0.0225
1 0.6131 0.4456 0.0200 0.0663
1 0.5687 0.5025 0.0063 0.0175
1 0.4434 0.0856 0.0400 0.0588
1 0.5894 0.5844 0.0100 0.0187
1 0.3834 0.2306 0.0138 0.0175
1 0.5062 0.3381 0.0125 0.0200
1 0.3375 0.3216 0.0125 0.0212
1 0.5341 0.4250 0.0087 0.0187
1 0.5369 0.3412 0.0112 0.0200
1 0.3281 0.3250 0.0187 0.0187
1 0.5375 0.4528 0.0063 0.0212
1 0.6234 0.5691 0.0125 0.0412
1 0.5112 0.5331 0.0100 0.0225
1 0.6331 0.6469 0.0100 0.0187
1 0.5413 0.5394 0.0075 0.0225
1 0.5509 0.5800 0.0050 0.0225
1 0.2456 0.1000 0.0100 0.0187
1 0.3269 0.1738 0.0100 0.0225
1 0.2653 0.0813 0.0087 0.0187
1 0.3294 0.2375 0.0150 0.0187
1 0.4719 0.7991 0.0125 0.0263
1 0.5262 0.8809 0.0087 0.0212
1 0.4987 0.7322 0.0100 0.0238
1 0.4019 0.2838 0.0100 0.0238
1 0.4681 0.3081 0.0175 0.0225
1 0.3572 0.2997 0.0112 0.0150
1 0.4894 0.2963 0.0100 0.0238
1 0.2356 0.1422 0.0087 0.0250
1 0.2794 0.1038 0.0150 0.0138
1 0.3513 0.2525 0.0087 0.0112
1 0.5781 0.8241 0.0125 0.0200
1 0.5359 0.9116 0.0063 0.0200
1 0.5606 0.7656 0.0087 0.0187
1 0.5022 0.9950 0.0075 0.0087
1 0.3841 0.3125 0.0150 0.0187
1 0.5088 0.2863 0.0112 0.0163
1 0.3800 0.3159 0.0163 0.0225
1 0.5281 0.2969 0.0125 0.0125
1 0.3950 0.2247 0.0150 0.0212
1 0.3203 0.3031 0.0063 0.0125
1 0.5666 0.4416 0.0112 0.0238
1 0.5081 0.1663 0.0287 0.0263
1 0.5056 0.3903 0.0112 0.0212
1 0.4237 0.5109 0.0163 0.0312
1 0.5559 0.4750 0.0087 0.0187
1 0.4897 0.9459 0.0200 0.0263
1 0.5912 0.5303 0.0075 0.0200
1 0.5463 0.5687 0.0050 0.0187
1 0.4847 0.9403 0.0163 0.0212
1 0.5706 0.5334 0.0100 0.0200
1 0.5184 0.6556 0.0087 0.0300
1 0.5613 0.2578 0.0225 0.0312
1 0.4806 0.3947 0.0112 0.0175
1 0.4025 0.0138 0.0238 0.0275
1 0.5363 0.4941 0.0100 0.0225
1 0.5459 0.2553 0.0075 0.0138
1 0.5722 0.2919 0.0287 0.0400
1 0.4381 0.5391 0.0138 0.0125
1 0.5681 0.9572 0.0112 0.0238
1 0.5797 0.5588 0.0063 0.0175
1 0.6156 0.6784 0.0063 0.0163
1 0.5594 0.9563 0.0125 0.0250
1 0.5231 0.5650 0.0087 0.0175
1 0.6122 0.7131 0.0087 0.0200
1 0.2793 0.1293 0.0149 0.0180
1 0.2934 0.1204 0.0118 0.0190
