1 0.5859 0.6553 0.0375 0.0575
1 0.3906 0.6394 0.0125 0.0163
1 0.0900 0.2769 0.0550 0.0350
1 0.4888 0.4838 0.0338 0.0488
1 0.5172 0.5356 0.0375 0.0525
1 0.4031 0.6725 0.0125 0.0138
1 0.5672 0.8903 0.0063 0.0212
1 0.5566 0.9019 0.0100 0.0225
1 0.3472 0.6094 0.0225 0.0125
1 0.2894 0.2863 0.0350 0.0225
1 0.3394 0.5906 0.0163 0.0125
1 0.5578 0.9463 0.0063 0.0112
1 0.6225 0.9825 0.0138 0.0212
1 0.6934 0.8356 0.0400 0.0588
1 0.6334 0.9806 0.0138 0.0175
1 0.6203 0.7097 0.0375 0.0537
1 0.4062 0.3847 0.0500 0.0537
1 0.4956 0.8500 0.0100 0.0187
1 0.5769 0.9238 0.0100 0.0225
1 0.5153 0.8313 0.0087 0.0187
1 0.5550 0.5988 0.0350 0.0475
1 0.5794 0.9875 0.0150 0.0187
1 0.4513 0.4356 0.0462 0.0525
1 0.2388 0.2541 0.0212 0.0175
1 0.3366 0.5956 0.0138 0.0100
1 0.3203 0.5634 0.0125 0.0175
1 0.3100 0.5941 0.0075 0.0100
1 0.4856 0.8922 0.0087 0.0250
1 0.1619 0.2131 0.0550 0.0387
1 0.5294 0.8538 0.0150 0.0138
1 0.3225 0.6153 0.0075 0.0150
1 0.3831 0.6088 0.0163 0.0112
1 0.3647 0.6509 0.0075 0.0112
1 0.3800 0.6156 0.0163 0.0125
1 0.6450 0.9747 0.0150 0.0212
1 0.2538 0.4056 0.0512 0.0425
1 0.7581 0.9163 0.0287 0.0263
1 0.6516 0.7606 0.0250 0.0338
1 0.3428 0.3263 0.0512 0.0462
1 0.2834 0.5525 0.0138 0.0175
1 0.0325 0.1564 0.0650 0.0346
1 0.3457 0.6474 0.0133 0.0166
1 0.4612 0.7359 0.0129 0.0155
1 0.5429 0.8701 0.0108 0.0183
1 0.5290 0.8790 0.0142 0.0175
1 0.1116 0.3733 0.0169 0.0153
