1 0.0094 0.0488 0.0187 0.0163
1 0.3028 0.0856 0.0150 0.0150
1 0.1241 0.0044 0.0138 0.0087
1 0.2341 0.0613 0.0150 0.0163
1 0.1909 0.0303 0.0163 0.0200
1 0.1381 0.1900 0.0325 0.0238
1 0.2578 0.0522 0.0125 0.0138
1 0.2756 0.1091 0.0200 0.0212
1 0.0375 0.1019 0.0187 0.0100
1 0.3412 0.1350 0.0200 0.0200
1 0.2756 0.0678 0.0200 0.0200
1 0.3766 0.1556 0.0187 0.0175
1 0.2144 0.0103 0.0100 0.0112
1 0.4106 0.1706 0.0150 0.0163
1 0.4659 0.2313 0.0163 0.0187
1 0.1554 0.0161 0.0202 0.0229
1 0.1617 0.0107 0.0203 0.0214
1 0.1544 0.0267 0.0150 0.0158
1 0.1916 0.0596 0.0175 0.0129
