1 0.8316 0.9356 0.0412 0.0087
1 0.8606 0.6912 0.0275 0.0138
1 0.9256 0.9625 0.0325 0.0063
1 0.4981 0.9700 0.0338 0.0087
1 0.7978 0.8081 0.0362 0.0100
1 0.7750 0.9578 0.0375 0.0063
1 0.7662 0.8838 0.0387 0.0112
1 0.8262 0.9900 0.0338 0.0112
1 0.2500 0.2750 0.0813 0.0187
1 0.5100 0.8684 0.0263 0.0150
1 0.3763 0.9981 0.0275 0.0025
1 0.2975 0.9134 0.0387 0.0050
1 0.6653 0.8647 0.0275 0.0075
1 0.6756 0.9519 0.0325 0.0100
1 0.4491 0.8353 0.0325 0.0112
1 0.5162 0.9062 0.0387 0.0063
1 0.1403 0.9556 0.0338 0.0112
1 0.2509 0.9834 0.0425 0.0138
1 0.5909 0.9272 0.0350 0.0075
1 0.3697 0.8991 0.0300 0.0200
1 0.4400 0.9694 0.0238 0.0075
1 0.6056 0.9778 0.0175 0.0087
1 0.2131 0.8681 0.0200 0.0112
1 0.1957 0.9631 0.0195 0.0106
1 0.5274 0.9936 0.0267 0.0092
