1 0.1588 0.7159 0.0112 0.0037
1 0.3287 0.6781 0.0138 0.0063
1 0.8344 0.3044 0.0375 0.0150
1 0.9756 0.5700 0.0200 0.0212
1 0.8897 0.2047 0.0325 0.0125
1 0.9597 0.5938 0.0225 0.0187
1 0.1266 0.2044 0.0500 0.0087
1 0.4631 0.1956 0.0138 0.0100
1 0.9587 0.2575 0.0300 0.0087
1 0.0897 0.7213 0.0200 0.0050
1 0.9459 0.2112 0.0200 0.0100
1 0.9869 0.6025 0.0112 0.0175
1 0.7516 0.2600 0.0125 0.0138
1 0.7031 0.3378 0.0125 0.0163
1 0.9406 0.3081 0.0437 0.0100
1 0.9719 0.6219 0.0125 0.0125
1 0.9891 0.2337 0.0187 0.0112
1 0.9875 0.6506 0.0187 0.0200
1 0.6909 0.3944 0.0100 0.0200
1 0.2292 0.7118 0.0334 0.0080
