1 0.9609 0.9941 0.0125 0.0100
1 0.9912 0.6806 0.0138 0.0238
1 0.6713 0.4266 0.0238 0.0312
1 0.6744 0.0275 0.0425 0.0488
1 0.6987 0.4722 0.0163 0.0225
1 0.9900 0.7197 0.0112 0.0238
1 0.7244 0.5047 0.0175 0.0187
1 0.7203 0.0738 0.0437 0.0475
1 0.7531 0.1222 0.0312 0.0412
1 0.8725 0.6175 0.0138 0.0163
1 0.8750 0.6097 0.0187 0.0225
1 0.8934 0.3631 0.0400 0.0575
1 0.6034 0.2309 0.0163 0.0150
1 0.9291 0.4250 0.0425 0.0625
1 0.6100 0.2288 0.0138 0.0138
1 0.7516 0.4350 0.0125 0.0200
1 0.8372 0.5306 0.0150 0.0175
1 0.7588 0.4547 0.0112 0.0187
1 0.8225 0.5384 0.0138 0.0175
1 0.9078 0.8463 0.0187 0.0362
1 0.8856 0.6062 0.0212 0.0187
1 0.9387 0.9056 0.0212 0.0238
1 0.8938 0.6019 0.0187 0.0225
1 0.9613 0.4797 0.0350 0.0437
1 0.6713 0.1478 0.0175 0.0238
1 0.6638 0.3362 0.0087 0.0163
1 0.7928 0.4256 0.0200 0.0200
1 0.8469 0.5634 0.0125 0.0238
1 0.8222 0.4500 0.0163 0.0187
1 0.8369 0.5875 0.0175 0.0187
1 0.9659 0.6291 0.0163 0.0238
1 0.9166 0.6741 0.0175 0.0200
1 0.7922 0.1900 0.0375 0.0550
1 0.8256 0.2484 0.0387 0.0563
1 0.9944 0.6531 0.0075 0.0250
1 0.9113 0.7147 0.0163 0.0263
1 0.8594 0.3072 0.0375 0.0550
1 0.7087 0.3984 0.0175 0.0187
1 0.5722 0.1956 0.0163 0.0163
1 0.6697 0.3316 0.0112 0.0163
1 0.5881 0.2072 0.0138 0.0175
1 0.6853 0.3616 0.0112 0.0200
1 0.8444 0.5150 0.0138 0.0175
1 0.8294 0.6406 0.0150 0.0187
1 0.8506 0.6472 0.0200 0.0350
1 0.7794 0.4856 0.0150 0.0150
1 0.7703 0.4884 0.0187 0.0175
1 0.6191 0.2550 0.0100 0.0163
1 0.7294 0.4500 0.0150 0.0187
1 0.6434 0.2800 0.0087 0.0163
1 0.7172 0.4294 0.0125 0.0150
1 0.8172 0.5075 0.0187 0.0212
1 0.8794 0.6794 0.0150 0.0212
1 0.7509 0.4738 0.0175 0.0163
1 0.7941 0.5250 0.0100 0.0125
