1 0.1113 0.3672 0.0163 0.0063
1 0.1012 0.4062 0.0087 0.0187
1 0.1225 0.4684 0.0138 0.0275
1 0.0509 0.0616 0.0112 0.0200
1 0.0788 0.0569 0.0075 0.0200
1 0.1259 0.3075 0.0112 0.0212
1 0.0475 0.1575 0.0075 0.0212
1 0.0025 0.3594 0.0050 0.0250
1 0.0741 0.4325 0.0075 0.0212
1 0.0575 0.5069 0.0087 0.0200
1 0.1203 0.5256 0.0063 0.0200
1 0.0356 0.0903 0.0087 0.0212
1 0.0713 0.0938 0.0112 0.0250
1 0.1194 0.6191 0.0075 0.0163
1 0.0934 0.6650 0.0087 0.0175
1 0.1406 0.2050 0.0187 0.0412
1 0.0572 0.8550 0.0112 0.0225
1 0.0844 0.8675 0.0063 0.0163
1 0.1244 0.1247 0.0238 0.0087
1 0.0872 0.2309 0.0087 0.0275
1 0.1034 0.6822 0.0100 0.0175
1 0.0934 0.8647 0.0087 0.0138
1 0.0762 0.2341 0.0087 0.0212
1 0.1247 0.0119 0.0087 0.0238
1 0.0831 0.8981 0.0100 0.0150
1 0.0575 0.3906 0.0087 0.0250
1 0.0747 0.1584 0.0087 0.0200
1 0.1172 0.3319 0.0125 0.0200
1 0.0391 0.1869 0.0063 0.0238
1 0.0144 0.0069 0.0100 0.0138
1 0.0506 0.4566 0.0138 0.0225
1 0.1081 0.5994 0.0100 0.0175
1 0.0775 0.4612 0.0112 0.0225
1 0.0144 0.6019 0.0100 0.0225
1 0.0341 0.1234 0.0087 0.0250
1 0.0806 0.1212 0.0112 0.0362
1 0.0781 0.1944 0.0063 0.0200
1 0.1288 0.3450 0.0075 0.0212
1 0.1031 0.1672 0.0063 0.0312
1 0.0947 0.3712 0.0112 0.0238
1 0.0319 0.0331 0.0075 0.0225
1 0.1322 0.3981 0.0112 0.0150
1 0.1384 0.4225 0.0112 0.0138
1 0.0984 0.6409 0.0063 0.0225
1 0.0609 0.8059 0.0063 0.0212
1 0.0553 0.6362 0.0200 0.0287
1 0.0281 0.8153 0.0125 0.0400
1 0.0037 0.9053 0.0075 0.0200
1 0.1331 0.0359 0.0100 0.0250
1 0.0516 0.9503 0.0125 0.0225
1 0.0450 0.8956 0.0087 0.0225
1 0.1269 0.0697 0.0163 0.0362
1 0.0672 0.9894 0.0063 0.0100
1 0.0472 0.3894 0.0100 0.0225
1 0.0881 0.5572 0.0200 0.0300
1 0.0087 0.5237 0.0175 0.0537
1 0.0141 0.8159 0.0125 0.0412
1 0.1372 0.1062 0.0150 0.0312
1 0.0334 0.3869 0.0138 0.0300
1 0.0319 0.9909 0.0075 0.0163
1 0.1209 0.1156 0.0200 0.0063
1 0.0391 0.3906 0.0063 0.0187
1 0.0288 0.2279 0.0076 0.0245
1 0.0129 0.3259 0.0103 0.0331
1 0.1754 0.3513 0.0196 0.0432
