1 0.2128 0.2509 0.0163 0.0238
1 0.3612 0.3672 0.0163 0.0063
1 0.3513 0.4062 0.0087 0.0187
1 0.3725 0.4684 0.0138 0.0275
1 0.3009 0.0616 0.0112 0.0200
1 0.3287 0.0569 0.0075 0.0200
1 0.3759 0.3075 0.0112 0.0212
1 0.2975 0.1575 0.0075 0.0212
1 0.2472 0.3619 0.0163 0.0300
1 0.3241 0.4325 0.0075 0.0212
1 0.3075 0.5069 0.0087 0.0200
1 0.2437 0.4525 0.0125 0.0238
1 0.3703 0.5256 0.0063 0.0200
1 0.2856 0.0903 0.0087 0.0212
1 0.3212 0.0938 0.0112 0.0250
1 0.3694 0.6191 0.0075 0.0163
1 0.1719 0.5272 0.0125 0.0387
1 0.3434 0.6650 0.0087 0.0175
1 0.3906 0.2050 0.0187 0.0412
1 0.2034 0.7381 0.0100 0.0263
1 0.3072 0.8550 0.0112 0.0225
1 0.3344 0.8675 0.0063 0.0163
1 0.3744 0.1247 0.0238 0.0087
1 0.2237 0.8559 0.0163 0.0212
1 0.3372 0.2309 0.0087 0.0275
1 0.3534 0.6822 0.0100 0.0175
1 0.1578 0.0963 0.0187 0.0362
1 0.2441 0.7375 0.0100 0.0187
1 0.1888 0.1556 0.0212 0.0238
1 0.2147 0.7919 0.0075 0.0212
1 0.2356 0.8766 0.0087 0.0250
1 0.3434 0.8647 0.0087 0.0138
1 0.3263 0.2341 0.0087 0.0212
1 0.2213 0.9122 0.0112 0.0275
1 0.3747 0.0119 0.0087 0.0238
1 0.3331 0.8981 0.0100 0.0150
1 0.3075 0.3906 0.0087 0.0250
1 0.3247 0.1584 0.0087 0.0200
1 0.3672 0.3319 0.0125 0.0200
1 0.2891 0.1869 0.0063 0.0238
1 0.2644 0.0069 0.0100 0.0138
1 0.3006 0.4566 0.0138 0.0225
1 0.3581 0.5994 0.0100 0.0175
1 0.3275 0.4612 0.0112 0.0225
1 0.2644 0.6019 0.0100 0.0225
1 0.2841 0.1234 0.0087 0.0250
1 0.3306 0.1212 0.0112 0.0362
1 0.3281 0.1944 0.0063 0.0200
1 0.3788 0.3450 0.0075 0.0212
1 0.3531 0.1672 0.0063 0.0312
1 0.3447 0.3712 0.0112 0.0238
1 0.2819 0.0331 0.0075 0.0225
1 0.3822 0.3981 0.0112 0.0150
1 0.2188 0.5897 0.0063 0.0200
1 0.3884 0.4225 0.0112 0.0138
1 0.3484 0.6409 0.0063 0.0225
1 0.2313 0.6669 0.0187 0.0338
1 0.3109 0.8059 0.0063 0.0212
1 0.3053 0.6362 0.0200 0.0287
1 0.2781 0.8153 0.0125 0.0400
1 0.2538 0.9053 0.0075 0.0200
1 0.3831 0.0359 0.0100 0.0250
1 0.3016 0.9503 0.0125 0.0225
1 0.2950 0.8956 0.0087 0.0225
1 0.3769 0.0697 0.0163 0.0362
1 0.3172 0.9894 0.0063 0.0100
1 0.2972 0.3894 0.0100 0.0225
1 0.3381 0.5572 0.0200 0.0300
1 0.2544 0.5244 0.0275 0.0550
1 0.2641 0.8159 0.0125 0.0412
1 0.2381 0.9756 0.0138 0.0263
1 0.3872 0.1062 0.0150 0.0312
1 0.2834 0.3869 0.0138 0.0300
1 0.2819 0.9909 0.0075 0.0163
1 0.3709 0.1156 0.0200 0.0063
1 0.2891 0.3906 0.0063 0.0187
1 0.2791 0.2276 0.0083 0.0240
1 0.2629 0.3259 0.0102 0.0330
1 0.4240 0.3516 0.0200 0.0438
