1 0.0319 0.6737 0.0138 0.0163
1 0.0509 0.8116 0.0112 0.0200
1 0.0788 0.8069 0.0075 0.0200
1 0.0475 0.9075 0.0075 0.0212
1 0.0356 0.8403 0.0087 0.0212
1 0.0713 0.8438 0.0112 0.0250
1 0.1406 0.9550 0.0187 0.0412
1 0.1244 0.8747 0.0238 0.0087
1 0.0872 0.9809 0.0087 0.0275
1 0.1044 0.7119 0.0087 0.0175
1 0.0762 0.9841 0.0087 0.0212
1 0.1247 0.7606 0.0087 0.0275
1 0.0747 0.9084 0.0087 0.0200
1 0.0391 0.9369 0.0063 0.0238
1 0.0353 0.6978 0.0112 0.0175
1 0.0134 0.7519 0.0112 0.0225
1 0.0341 0.8734 0.0087 0.0250
1 0.0806 0.8713 0.0112 0.0362
1 0.0781 0.9444 0.0063 0.0200
1 0.1031 0.9172 0.0063 0.0312
1 0.0647 0.7422 0.0075 0.0187
1 0.0319 0.7831 0.0075 0.0225
1 0.0766 0.6525 0.0250 0.0488
1 0.0081 0.5353 0.0163 0.0238
1 0.1331 0.7859 0.0100 0.0250
1 0.1269 0.8197 0.0163 0.0362
1 0.0819 0.6925 0.0075 0.0163
1 0.0906 0.6916 0.0125 0.0175
1 0.1372 0.8562 0.0150 0.0312
1 0.1209 0.8656 0.0200 0.0063
1 0.0291 0.9781 0.0083 0.0249
