1 0.0556 0.6544 0.0175 0.0150
1 0.0222 0.6941 0.0100 0.0100
1 0.0938 0.6559 0.0250 0.0212
1 0.1494 0.8559 0.0175 0.0212
1 0.0531 0.4728 0.0187 0.0238
1 0.0025 0.6056 0.0050 0.0112
1 0.0031 0.5134 0.0063 0.0238
1 0.0606 0.6109 0.0275 0.0187
1 0.2009 0.6447 0.0238 0.0238
1 0.2803 0.6275 0.0138 0.0112
1 0.3769 0.7409 0.0163 0.0100
1 0.5353 0.9803 0.0175 0.0075
1 0.0572 0.1050 0.0112 0.0225
1 0.0844 0.1175 0.0063 0.0163
1 0.0934 0.1147 0.0087 0.0138
1 0.0831 0.1481 0.0100 0.0150
1 0.1550 0.5881 0.0225 0.0200
1 0.0025 0.5537 0.0050 0.0138
1 0.1837 0.5963 0.0112 0.0175
1 0.3125 0.6394 0.0125 0.0100
1 0.1959 0.8922 0.0138 0.0125
1 0.1781 0.6931 0.0250 0.0175
1 0.3191 0.9266 0.0100 0.0063
1 0.0287 0.5419 0.0200 0.0212
1 0.0175 0.6356 0.0163 0.0150
1 0.0600 0.5281 0.0138 0.0187
1 0.2406 0.6969 0.0187 0.0125
1 0.6659 0.8503 0.0163 0.0100
1 0.2237 0.7306 0.0287 0.0175
1 0.6112 0.9341 0.0287 0.0212
1 0.0609 0.0559 0.0063 0.0212
1 0.0281 0.0653 0.0125 0.0400
1 0.0037 0.1553 0.0075 0.0200
1 0.0516 0.2003 0.0125 0.0225
1 0.0450 0.1456 0.0087 0.0225
1 0.0672 0.2394 0.0063 0.0100
1 0.0141 0.0659 0.0125 0.0412
1 0.0759 0.4100 0.0112 0.0138
1 0.0319 0.2422 0.0075 0.0187
1 0.0044 0.4138 0.0087 0.0212
1 0.0565 0.4364 0.0162 0.0228
1 0.0209 0.4435 0.0106 0.0183
1 0.1319 0.5486 0.0200 0.0190
1 0.1075 0.5852 0.0244 0.0236
