1 0.2109 0.9941 0.0125 0.0100
1 0.2413 0.6806 0.0138 0.0238
1 0.2819 0.6737 0.0138 0.0163
1 0.3009 0.8116 0.0112 0.0200
1 0.3287 0.8069 0.0075 0.0200
1 0.2975 0.9075 0.0075 0.0212
1 0.2400 0.7197 0.0112 0.0238
1 0.2856 0.8403 0.0087 0.0212
1 0.3212 0.8438 0.0112 0.0250
1 0.0094 0.1244 0.0187 0.0362
1 0.1225 0.6175 0.0138 0.0163
1 0.3906 0.9550 0.0187 0.0412
1 0.1250 0.6097 0.0187 0.0225
1 0.1434 0.3631 0.0400 0.0575
1 0.1791 0.4250 0.0425 0.0625
1 0.3744 0.8747 0.0238 0.0087
1 0.3372 0.9809 0.0087 0.0275
1 0.0037 0.4359 0.0075 0.0187
1 0.0872 0.5306 0.0150 0.0175
1 0.0087 0.4547 0.0112 0.0187
1 0.0725 0.5384 0.0138 0.0175
1 0.1578 0.8463 0.0187 0.0362
1 0.1356 0.6062 0.0212 0.0187
1 0.1888 0.9056 0.0212 0.0238
1 0.1437 0.6019 0.0187 0.0225
1 0.2112 0.4797 0.0350 0.0437
1 0.3544 0.7119 0.0087 0.0175
1 0.3263 0.9841 0.0087 0.0212
1 0.3747 0.7606 0.0087 0.0275
1 0.0428 0.4256 0.0200 0.0200
1 0.0969 0.5634 0.0125 0.0238
1 0.0722 0.4500 0.0163 0.0187
1 0.0869 0.5875 0.0175 0.0187
1 0.3247 0.9084 0.0087 0.0200
1 0.2891 0.9369 0.0063 0.0238
1 0.2159 0.6291 0.0163 0.0238
1 0.2853 0.6978 0.0112 0.0175
1 0.1666 0.6741 0.0175 0.0200
1 0.2634 0.7519 0.0112 0.0225
1 0.2841 0.8734 0.0087 0.0250
1 0.0422 0.1900 0.0375 0.0550
1 0.3306 0.8713 0.0112 0.0362
1 0.0756 0.2484 0.0387 0.0563
1 0.3281 0.9444 0.0063 0.0200
1 0.3531 0.9172 0.0063 0.0312
1 0.2462 0.6531 0.0112 0.0250
1 0.3147 0.7422 0.0075 0.0187
1 0.1613 0.7147 0.0163 0.0263
1 0.2819 0.7831 0.0075 0.0225
1 0.1094 0.3072 0.0375 0.0550
1 0.3266 0.6525 0.0250 0.0488
1 0.2559 0.5353 0.0212 0.0238
1 0.3831 0.7859 0.0100 0.0250
1 0.3769 0.8197 0.0163 0.0362
1 0.0944 0.5150 0.0138 0.0175
1 0.0794 0.6406 0.0150 0.0187
1 0.1006 0.6472 0.0200 0.0350
1 0.0294 0.4856 0.0150 0.0150
1 0.3319 0.6925 0.0075 0.0163
1 0.0203 0.4884 0.0187 0.0175
1 0.3406 0.6916 0.0125 0.0175
1 0.3872 0.8562 0.0150 0.0312
1 0.3709 0.8656 0.0200 0.0063
1 0.0672 0.5075 0.0187 0.0212
1 0.1294 0.6794 0.0150 0.0212
1 0.0050 0.4738 0.0100 0.0163
1 0.0441 0.5250 0.0100 0.0125
1 0.2789 0.9778 0.0079 0.0243
