1 0.1231 0.9166 0.0150 0.0175
1 0.6575 0.4750 0.0338 0.0063
1 0.3991 0.5547 0.0263 0.0187
1 0.2087 0.8678 0.0175 0.0200
1 0.9622 0.5103 0.0212 0.0112
1 0.9869 0.5237 0.0238 0.0225
1 0.0688 0.8200 0.0312 0.0338
1 0.4622 0.5231 0.0525 0.0275
1 0.7006 0.4744 0.0387 0.0112
1 0.5978 0.4906 0.0362 0.0187
1 0.5300 0.5003 0.0663 0.0225
1 0.0322 0.8584 0.0175 0.0200
1 0.3038 0.6159 0.0200 0.0163
1 0.3509 0.5828 0.0613 0.0375
1 0.1425 0.7372 0.0163 0.0212
1 0.1931 0.8412 0.0112 0.0138
1 0.1631 0.7178 0.0200 0.0200
1 0.1700 0.8559 0.0150 0.0150
1 0.5869 0.6006 0.0175 0.0075
1 0.7450 0.4716 0.0462 0.0087
1 0.6641 0.5978 0.0312 0.0112
1 0.7913 0.4753 0.0387 0.0163
1 0.0112 0.9044 0.0225 0.0400
1 0.2162 0.6809 0.0200 0.0150
1 0.6487 0.4875 0.0412 0.0187
1 0.8350 0.4778 0.0387 0.0150
1 0.7031 0.4831 0.0375 0.0100
1 0.9106 0.5012 0.0775 0.0338
1 0.0750 0.9881 0.0125 0.0200
1 0.3084 0.6234 0.0138 0.0125
1 0.3362 0.6050 0.0163 0.0100
1 0.1284 0.7612 0.0163 0.0163
