1 0.2356 0.6800 0.1650 0.0537
1 0.3041 0.6875 0.0800 0.0312
1 0.6572 0.7019 0.2237 0.0663
1 0.4541 0.7394 0.0988 0.0412
1 0.0475 0.8306 0.0950 0.0425
1 0.0519 0.8600 0.1038 0.0387
1 0.7406 0.3191 0.0250 0.0475
1 0.7566 0.4025 0.0225 0.0550
1 0.9225 0.3966 0.0700 0.0338
1 0.8162 0.5300 0.0512 0.1100
1 0.2384 0.7878 0.2550 0.0725
1 0.5694 0.4447 0.1512 0.0488
1 0.2368 0.5104 0.3674 0.0958
1 0.2727 0.6176 0.3735 0.0946
1 0.6095 0.0710 0.0534 0.0389
1 0.5998 0.0834 0.0496 0.0324
1 0.6654 0.1108 0.0590 0.0342
