1 0.2122 0.5103 0.0212 0.0112
1 0.6100 0.7184 0.0512 0.0462
1 0.2462 0.5237 0.0425 0.0225
1 0.6744 0.7775 0.0425 0.0488
1 0.2975 0.5431 0.0575 0.0300
1 0.7203 0.8238 0.0437 0.0475
1 0.3600 0.5678 0.0638 0.0325
1 0.7531 0.8722 0.0312 0.0412
1 0.6034 0.9809 0.0163 0.0150
1 0.6100 0.9788 0.0138 0.0138
1 0.6713 0.8978 0.0175 0.0238
1 0.0094 0.4716 0.0187 0.0087
1 0.0412 0.4753 0.0387 0.0163
1 0.7922 0.9400 0.0375 0.0550
1 0.4291 0.6000 0.0550 0.0375
1 0.8194 0.9847 0.0263 0.0287
1 0.0850 0.4778 0.0387 0.0150
1 0.1606 0.5012 0.0775 0.0338
1 0.4909 0.6391 0.0537 0.0375
1 0.5600 0.6769 0.0387 0.0287
1 0.5722 0.9456 0.0163 0.0163
1 0.5881 0.9572 0.0138 0.0175
