1 0.9047 0.9637 0.0437 0.0212
1 0.4987 0.4616 0.0287 0.0138
1 0.7016 0.3725 0.0250 0.0138
1 0.8016 0.6600 0.0437 0.0138
1 0.8938 0.7141 0.0437 0.0125
1 0.7059 0.8831 0.0400 0.0163
1 0.8384 0.6188 0.0613 0.0312
1 0.8488 0.5200 0.0225 0.0087
1 0.9725 0.3984 0.0387 0.0125
1 0.6381 0.7381 0.0200 0.0138
1 0.9878 0.5416 0.0225 0.0112
1 0.7881 0.4209 0.0387 0.0138
1 0.7134 0.4594 0.0238 0.0125
1 0.9287 0.8109 0.0200 0.0063
1 0.8544 0.8838 0.0275 0.0112
1 0.9806 0.5981 0.0362 0.0212
1 0.8506 0.8144 0.0325 0.0163
1 0.7800 0.7494 0.0412 0.0175
