1 0.9309 0.7950 0.0338 0.0275
1 0.6753 0.5525 0.0225 0.0112
1 0.1694 0.8847 0.0263 0.0475
1 0.1000 0.4487 0.0312 0.0412
1 0.5700 0.3569 0.0462 0.0138
1 0.2581 0.5606 0.0163 0.0650
1 0.3281 0.8459 0.0375 0.0387
1 0.1950 0.7263 0.0212 0.0212
1 0.9816 0.9091 0.0350 0.0212
1 0.6525 0.4616 0.0362 0.0138
1 0.8059 0.6366 0.0400 0.0138
1 0.2506 0.3578 0.0387 0.0375
1 0.6306 0.7488 0.0425 0.0412
1 0.0794 0.6634 0.0275 0.0425
1 0.6081 0.5931 0.0475 0.0175
1 0.7806 0.9131 0.0175 0.0450
1 0.7972 0.9116 0.0163 0.0200
1 0.7959 0.7169 0.0387 0.0150
1 0.0125 0.5050 0.0250 0.0287
