1 0.7728 0.9350 0.0488 0.0200
1 0.9766 0.8850 0.0437 0.0263
1 0.4225 0.4384 0.0387 0.0112
1 0.3006 0.6753 0.0263 0.0100
1 0.8206 0.5591 0.0225 0.0087
1 0.1547 0.9637 0.0437 0.0212
1 0.3825 0.8219 0.0462 0.0125
1 0.5856 0.3972 0.0338 0.0100
1 0.6484 0.3025 0.0312 0.0112
1 0.3431 0.3519 0.0238 0.0100
1 0.9738 0.2597 0.0225 0.0100
1 0.3812 0.7178 0.0563 0.0138
1 0.5881 0.7131 0.0387 0.0138
1 0.2513 0.8650 0.0275 0.0112
1 0.0516 0.6600 0.0437 0.0138
1 0.1437 0.7141 0.0437 0.0125
1 0.0884 0.6188 0.0613 0.0312
1 0.7050 0.2806 0.0287 0.0112
1 0.3394 0.4444 0.0225 0.0200
1 0.9141 0.6859 0.0500 0.0187
1 0.7500 0.7737 0.0437 0.0163
1 0.4900 0.3369 0.0238 0.0175
1 0.0988 0.5200 0.0225 0.0087
1 0.2225 0.3984 0.0387 0.0125
1 0.2378 0.5416 0.0225 0.0112
1 0.5650 0.6262 0.0425 0.0150
1 0.9200 0.4369 0.0525 0.0175
1 0.7987 0.2969 0.0412 0.0125
1 0.7422 0.5222 0.0375 0.0100
1 0.5569 0.2825 0.0325 0.0087
1 0.7491 0.6687 0.0387 0.0125
1 0.0381 0.4209 0.0387 0.0138
1 0.2659 0.7428 0.0225 0.0075
1 0.3394 0.2950 0.0225 0.0150
1 0.1788 0.8109 0.0200 0.0063
1 0.4594 0.5919 0.0375 0.0087
1 0.1044 0.8838 0.0275 0.0112
1 0.2369 0.5981 0.0488 0.0212
1 0.1006 0.8144 0.0325 0.0163
1 0.3550 0.5803 0.0537 0.0138
1 0.0300 0.7494 0.0412 0.0175
1 0.5197 0.5375 0.0488 0.0187
1 0.7606 0.4042 0.0369 0.0116
1 0.6330 0.4862 0.0379 0.0129
