1 0.0394 0.7869 0.0788 0.0362
1 0.0306 0.5356 0.0425 0.0400
1 0.6816 0.7897 0.0412 0.0887
1 0.1303 0.3906 0.0387 0.0688
1 0.9309 0.0450 0.0338 0.0275
1 0.3866 0.9713 0.0450 0.0550
1 0.7603 0.7350 0.0988 0.0263
1 0.3159 0.6794 0.0850 0.0775
1 0.1694 0.1347 0.0263 0.0475
1 0.3281 0.0959 0.0375 0.0387
1 0.9591 0.3431 0.0338 0.0175
1 0.9816 0.1591 0.0350 0.0212
1 0.6697 0.5631 0.0425 0.0512
1 0.5028 0.4669 0.0525 0.0838
1 0.0881 0.3353 0.0325 0.0175
1 0.7516 0.3119 0.0125 0.0425
1 0.3709 0.3337 0.0575 0.0238
1 0.6256 0.0100 0.0325 0.0200
1 0.7806 0.1631 0.0175 0.0450
1 0.7972 0.1616 0.0163 0.0200
