1 0.5497 0.6719 0.0462 0.0250
1 0.6369 0.8597 0.0238 0.0163
1 0.5991 0.7412 0.0387 0.0138
1 0.6506 0.8925 0.0263 0.0163
1 0.6863 0.1750 0.0287 0.0187
1 0.0700 0.8900 0.0338 0.0238
1 0.6328 0.7216 0.0375 0.0150
1 0.6325 0.7781 0.0338 0.0125
1 0.8578 0.8025 0.0250 0.0175
1 0.7869 0.8234 0.0175 0.0125
1 0.7494 0.0716 0.0175 0.0212
1 0.8456 0.0075 0.0287 0.0150
1 0.8019 0.7159 0.0225 0.0163
1 0.7547 0.7609 0.0125 0.0187
1 0.7609 0.4487 0.0563 0.0225
1 0.5978 0.0566 0.0175 0.0287
1 0.4316 0.1663 0.0663 0.0575
1 0.0163 0.8453 0.0325 0.0250
1 0.6647 0.7987 0.0263 0.0100
1 0.6894 0.7731 0.0287 0.0087
1 0.1950 0.6984 0.0462 0.0312
1 0.2634 0.7288 0.0425 0.0263
1 0.7156 0.7203 0.0375 0.0125
1 0.8431 0.7469 0.0175 0.0125
1 0.8588 0.3656 0.0488 0.0250
1 0.5988 0.3150 0.0287 0.0112
1 0.7003 0.2863 0.0287 0.0163
1 0.9116 0.1444 0.0325 0.0200
1 0.8172 0.2072 0.0187 0.0238
