1 0.7987 0.6500 0.0600 0.0375
1 0.6706 0.1113 0.1038 0.0225
1 0.9788 0.2094 0.0387 0.0187
1 0.2016 0.1944 0.0250 0.0138
1 0.4391 0.4766 0.0500 0.0312
1 0.1038 0.1078 0.0263 0.0125
1 0.2334 0.8600 0.0325 0.0138
1 0.9522 0.4981 0.0575 0.0275
1 0.3231 0.3766 0.0212 0.0187
1 0.4881 0.8325 0.0575 0.0462
1 0.2612 0.9931 0.0225 0.0112
1 0.0300 0.1825 0.0287 0.0212
1 0.1259 0.3269 0.0175 0.0100
1 0.2822 0.5713 0.0800 0.0425
1 0.0419 0.8803 0.0400 0.0387
1 0.7528 0.8853 0.0838 0.0550
1 0.2619 0.2891 0.0238 0.0187
1 0.5481 0.5363 0.0525 0.0475
1 0.6887 0.3972 0.1212 0.0663
1 0.0941 0.7469 0.0225 0.0250
